200.00	2.758E-17
200.05	2.686E-17
200.10	2.706E-17
200.15	2.744E-17
200.20	2.625E-17
200.25	2.676E-17
200.30	2.633E-17
200.35	2.673E-17
200.40	2.715E-17
200.45	2.632E-17
200.50	2.656E-17
200.55	2.601E-17
200.60	2.622E-17
200.65	2.610E-17
200.70	2.576E-17
200.75	2.516E-17
200.80	2.577E-17
200.85	2.543E-17
200.90	2.534E-17
200.95	2.514E-17
201.00	2.528E-17
201.05	2.442E-17
201.10	2.520E-17
201.15	2.478E-17
201.20	2.503E-17
201.25	2.474E-17
201.30	2.493E-17
201.35	2.468E-17
201.40	2.433E-17
201.45	2.418E-17
201.50	2.459E-17
201.55	2.417E-17
201.60	2.349E-17
201.65	2.366E-17
201.70	2.414E-17
201.75	2.420E-17
201.80	2.416E-17
201.85	2.382E-17
201.90	2.379E-17
201.95	2.318E-17
202.00	2.340E-17
202.05	2.367E-17
202.10	2.345E-17
202.15	2.319E-17
202.20	2.318E-17
202.25	2.218E-17
202.30	2.296E-17
202.35	2.238E-17
202.40	2.239E-17
202.45	2.237E-17
202.50	2.181E-17
202.55	2.164E-17
202.60	2.198E-17
202.65	2.141E-17
202.70	2.209E-17
202.75	2.118E-17
202.80	2.187E-17
202.85	2.138E-17
202.90	2.106E-17
202.95	2.079E-17
203.00	2.097E-17
203.05	2.098E-17
203.10	2.097E-17
203.15	2.060E-17
203.20	2.091E-17
203.25	2.062E-17
203.30	2.086E-17
203.35	2.009E-17
203.40	2.063E-17
203.45	2.057E-17
203.50	2.019E-17
203.55	2.061E-17
203.60	1.990E-17
203.65	1.994E-17
203.70	1.956E-17
203.75	1.997E-17
203.80	2.012E-17
203.85	1.957E-17
203.90	1.964E-17
203.95	1.952E-17
204.00	1.925E-17
204.05	1.952E-17
204.10	1.943E-17
204.15	1.965E-17
204.20	1.938E-17
204.25	1.890E-17
204.30	1.848E-17
204.35	1.882E-17
204.40	1.884E-17
204.45	1.877E-17
204.50	1.870E-17
204.55	1.869E-17
204.60	1.889E-17
204.65	1.811E-17
204.70	1.877E-17
204.75	1.812E-17
204.80	1.799E-17
204.85	1.826E-17
204.90	1.835E-17
204.95	1.765E-17
205.00	1.786E-17
205.05	1.772E-17
205.10	1.763E-17
205.15	1.794E-17
205.20	1.771E-17
205.25	1.758E-17
205.30	1.706E-17
205.35	1.737E-17
205.40	1.700E-17
205.45	1.728E-17
205.50	1.668E-17
205.55	1.709E-17
205.60	1.649E-17
205.65	1.684E-17
205.70	1.658E-17
205.75	1.674E-17
205.80	1.614E-17
205.85	1.640E-17
205.90	1.615E-17
205.95	1.608E-17
206.00	1.613E-17
206.05	1.566E-17
206.10	1.595E-17
206.15	1.562E-17
206.20	1.609E-17
206.25	1.600E-17
206.30	1.531E-17
206.35	1.558E-17
206.40	1.533E-17
206.45	1.480E-17
206.50	1.532E-17
206.55	1.489E-17
206.60	1.480E-17
206.65	1.489E-17
206.70	1.465E-17
206.75	1.493E-17
206.80	1.490E-17
206.85	1.471E-17
206.90	1.450E-17
206.95	1.437E-17
207.00	1.431E-17
207.05	1.429E-17
207.10	1.431E-17
207.15	1.416E-17
207.20	1.426E-17
207.25	1.406E-17
207.30	1.410E-17
207.35	1.385E-17
207.40	1.405E-17
207.45	1.367E-17
207.50	1.371E-17
207.55	1.375E-17
207.60	1.357E-17
207.65	1.311E-17
207.70	1.352E-17
207.75	1.332E-17
207.80	1.333E-17
207.85	1.335E-17
207.90	1.344E-17
207.95	1.325E-17
208.00	1.319E-17
208.05	1.299E-17
208.10	1.270E-17
208.15	1.294E-17
208.20	1.279E-17
208.25	1.262E-17
208.30	1.250E-17
208.35	1.258E-17
208.40	1.259E-17
208.45	1.252E-17
208.50	1.211E-17
208.55	1.208E-17
208.60	1.201E-17
208.65	1.196E-17
208.70	1.199E-17
208.75	1.204E-17
208.80	1.191E-17
208.85	1.155E-17
208.90	1.169E-17
208.95	1.179E-17
209.00	1.152E-17
209.05	1.170E-17
209.10	1.156E-17
209.15	1.156E-17
209.20	1.125E-17
209.25	1.131E-17
209.30	1.119E-17
209.35	1.113E-17
209.40	1.115E-17
209.45	1.096E-17
209.50	1.099E-17
209.55	1.070E-17
209.60	1.077E-17
209.65	1.071E-17
209.70	1.050E-17
209.75	1.057E-17
209.80	1.069E-17
209.85	1.041E-17
209.90	1.050E-17
209.95	1.040E-17
210.00	1.036E-17
210.05	1.030E-17
210.10	1.024E-17
210.15	1.018E-17
210.20	9.938E-18
210.25	9.996E-18
210.30	9.883E-18
210.35	9.935E-18
210.40	9.634E-18
210.45	9.971E-18
210.50	9.873E-18
210.55	9.850E-18
210.60	9.656E-18
210.65	9.763E-18
210.70	9.507E-18
210.75	9.539E-18
210.80	9.492E-18
210.85	9.469E-18
210.90	9.263E-18
210.95	9.321E-18
211.00	9.282E-18
211.05	9.244E-18
211.10	9.377E-18
211.15	9.076E-18
211.20	9.068E-18
211.25	9.102E-18
211.30	9.102E-18
211.35	8.955E-18
211.40	8.973E-18
211.45	8.953E-18
211.50	8.808E-18
211.55	8.709E-18
211.60	8.486E-18
211.65	8.705E-18
211.70	8.620E-18
211.75	8.474E-18
211.80	8.548E-18
211.85	8.574E-18
211.90	8.385E-18
211.95	8.523E-18
212.00	8.369E-18
212.05	8.287E-18
212.10	8.242E-18
212.15	8.198E-18
212.20	8.082E-18
212.25	8.186E-18
212.30	8.127E-18
212.35	8.153E-18
212.40	8.126E-18
212.45	8.057E-18
212.50	7.945E-18
212.55	7.890E-18
212.60	7.859E-18
212.65	7.909E-18
212.70	7.729E-18
212.75	7.735E-18
212.80	7.779E-18
212.85	7.723E-18
212.90	7.739E-18
212.95	7.552E-18
213.00	7.487E-18
213.05	7.527E-18
213.10	7.515E-18
213.15	7.261E-18
213.20	7.463E-18
213.25	7.492E-18
213.30	7.393E-18
213.35	7.244E-18
213.40	7.292E-18
213.45	7.165E-18
213.50	7.037E-18
213.55	7.127E-18
213.60	7.046E-18
213.65	7.094E-18
213.70	6.964E-18
213.75	7.015E-18
213.80	6.873E-18
213.85	6.920E-18
213.90	6.832E-18
213.95	6.854E-18
214.00	6.798E-18
214.05	6.762E-18
214.10	6.698E-18
214.15	6.702E-18
214.20	6.766E-18
214.25	6.570E-18
214.30	6.553E-18
214.35	6.490E-18
214.40	6.580E-18
214.45	6.552E-18
214.50	6.522E-18
214.55	6.650E-18
214.60	6.445E-18
214.65	6.526E-18
214.70	6.376E-18
214.75	6.480E-18
214.80	6.371E-18
214.85	6.284E-18
214.90	6.172E-18
214.95	6.287E-18
215.00	6.179E-18
215.05	6.268E-18
215.10	6.022E-18
215.15	6.014E-18
215.20	6.106E-18
215.25	6.028E-18
215.30	5.995E-18
215.35	6.098E-18
215.40	5.983E-18
215.45	5.956E-18
215.50	5.877E-18
215.55	5.995E-18
215.60	5.940E-18
215.65	5.908E-18
215.70	5.957E-18
215.75	5.909E-18
215.80	5.817E-18
215.85	5.758E-18
215.90	5.749E-18
215.95	5.810E-18
216.00	5.715E-18
216.05	5.694E-18
216.10	5.672E-18
216.15	5.631E-18
216.20	5.606E-18
216.25	5.593E-18
216.30	5.451E-18
216.35	5.640E-18
216.40	5.524E-18
216.45	5.471E-18
216.50	5.431E-18
216.55	5.399E-18
216.60	5.413E-18
216.65	5.364E-18
216.70	5.367E-18
216.75	5.163E-18
216.80	5.144E-18
216.85	5.224E-18
216.90	5.047E-18
216.95	5.033E-18
217.00	5.053E-18
217.05	4.975E-18
217.10	5.008E-18
217.15	4.986E-18
217.20	4.847E-18
217.25	4.968E-18
217.30	4.922E-18
217.35	4.912E-18
217.40	4.858E-18
217.45	4.834E-18
217.50	4.799E-18
217.55	4.717E-18
217.60	4.798E-18
217.65	4.649E-18
217.70	4.697E-18
217.75	4.653E-18
217.80	4.547E-18
217.85	4.557E-18
217.90	4.594E-18
217.95	4.423E-18
218.00	4.554E-18
218.05	4.443E-18
218.10	4.346E-18
218.15	4.388E-18
218.20	4.441E-18
218.25	4.420E-18
218.30	4.409E-18
218.35	4.373E-18
218.40	4.215E-18
218.45	4.264E-18
218.50	4.219E-18
218.55	4.190E-18
218.60	4.201E-18
218.65	4.078E-18
218.70	4.119E-18
218.75	4.100E-18
218.80	4.057E-18
218.85	4.137E-18
218.90	4.027E-18
218.95	3.983E-18
219.00	4.066E-18
219.05	3.964E-18
219.10	4.053E-18
219.15	3.981E-18
219.20	3.944E-18
219.25	3.945E-18
219.30	3.947E-18
219.35	3.797E-18
219.40	3.853E-18
219.45	3.838E-18
219.50	3.741E-18
219.55	3.829E-18
219.60	3.808E-18
219.65	3.675E-18
219.70	3.689E-18
219.75	3.768E-18
219.80	3.681E-18
219.85	3.622E-18
219.90	3.712E-18
219.95	3.660E-18
220.00	3.658E-18
220.05	3.603E-18
220.10	3.547E-18
220.15	3.580E-18
220.20	3.489E-18
220.25	3.497E-18
220.30	3.475E-18
220.35	3.454E-18
220.40	3.477E-18
220.45	3.461E-18
220.50	3.427E-18
220.55	3.472E-18
220.60	3.548E-18
220.65	3.377E-18
220.70	3.437E-18
220.75	3.328E-18
220.80	3.363E-18
220.85	3.383E-18
220.90	3.389E-18
220.95	3.377E-18
221.00	3.262E-18
221.05	3.286E-18
221.10	3.252E-18
221.15	3.214E-18
221.20	3.254E-18
221.25	3.233E-18
221.30	3.292E-18
221.35	3.117E-18
221.40	3.168E-18
221.45	3.246E-18
221.50	3.186E-18
221.55	3.178E-18
221.60	3.187E-18
221.65	3.138E-18
221.70	3.149E-18
221.75	3.157E-18
221.80	3.097E-18
221.85	3.011E-18
221.90	3.117E-18
221.95	3.040E-18
222.00	3.033E-18
222.05	2.976E-18
222.10	2.978E-18
222.15	2.893E-18
222.20	2.950E-18
222.25	2.969E-18
222.30	2.934E-18
222.35	2.926E-18
222.40	2.915E-18
222.45	2.838E-18
222.50	2.982E-18
222.55	2.957E-18
222.60	2.778E-18
222.65	2.770E-18
222.70	2.762E-18
222.75	2.791E-18
222.80	2.759E-18
222.85	2.759E-18
222.90	2.703E-18
222.95	2.674E-18
223.00	2.701E-18
223.05	2.642E-18
223.10	2.681E-18
223.15	2.690E-18
223.20	2.724E-18
223.25	2.732E-18
223.30	2.629E-18
223.35	2.698E-18
223.40	2.644E-18
223.45	2.661E-18
223.50	2.583E-18
223.55	2.622E-18
223.60	2.550E-18
223.65	2.506E-18
223.70	2.536E-18
223.75	2.546E-18
223.80	2.540E-18
223.85	2.579E-18
223.90	2.557E-18
223.95	2.426E-18
224.00	2.468E-18
224.05	2.432E-18
224.10	2.512E-18
224.15	2.481E-18
224.20	2.368E-18
224.25	2.447E-18
224.30	2.414E-18
224.35	2.418E-18
224.40	2.470E-18
224.45	2.393E-18
224.50	2.390E-18
224.55	2.400E-18
224.60	2.443E-18
224.65	2.398E-18
224.70	2.374E-18
224.75	2.366E-18
224.80	2.411E-18
224.85	2.374E-18
224.90	2.329E-18
224.95	2.373E-18
225.00	2.298E-18
225.05	2.359E-18
225.10	2.317E-18
225.15	2.336E-18
225.20	2.298E-18
225.25	2.299E-18
225.30	2.272E-18
225.35	2.293E-18
225.40	2.280E-18
225.45	2.312E-18
225.50	2.295E-18
225.55	2.279E-18
225.60	2.229E-18
225.65	2.228E-18
225.70	2.233E-18
225.75	2.202E-18
225.80	2.231E-18
225.85	2.183E-18
225.90	2.225E-18
225.95	2.176E-18
226.00	2.199E-18
226.05	2.141E-18
226.10	2.127E-18
226.15	2.179E-18
226.20	2.097E-18
226.25	2.145E-18
226.30	2.055E-18
226.35	2.057E-18
226.40	2.061E-18
226.45	2.060E-18
226.50	2.027E-18
226.55	2.040E-18
226.60	2.018E-18
226.65	1.983E-18
226.70	2.018E-18
226.75	2.000E-18
226.80	1.968E-18
226.85	1.975E-18
226.90	1.932E-18
226.95	1.943E-18
227.00	1.922E-18
227.05	1.909E-18
227.10	1.901E-18
227.15	1.866E-18
227.20	1.876E-18
227.25	1.889E-18
227.30	1.845E-18
227.35	1.869E-18
227.40	1.832E-18
227.45	1.806E-18
227.50	1.810E-18
227.55	1.797E-18
227.60	1.798E-18
227.65	1.805E-18
227.70	1.823E-18
227.75	1.794E-18
227.80	1.798E-18
227.85	1.777E-18
227.90	1.764E-18
227.95	1.780E-18
228.00	1.751E-18
228.05	1.750E-18
228.10	1.737E-18
228.15	1.704E-18
228.20	1.714E-18
228.25	1.706E-18
228.30	1.698E-18
228.35	1.682E-18
228.40	1.699E-18
228.45	1.671E-18
228.50	1.685E-18
228.55	1.656E-18
228.60	1.652E-18
228.65	1.630E-18
228.70	1.638E-18
228.75	1.651E-18
228.80	1.598E-18
228.85	1.621E-18
228.90	1.614E-18
228.95	1.619E-18
229.00	1.608E-18
229.05	1.588E-18
229.10	1.566E-18
229.15	1.563E-18
229.20	1.549E-18
229.25	1.557E-18
229.30	1.535E-18
229.35	1.553E-18
229.40	1.523E-18
229.45	1.541E-18
229.50	1.539E-18
229.55	1.487E-18
229.60	1.494E-18
229.65	1.521E-18
229.70	1.526E-18
229.75	1.487E-18
229.80	1.507E-18
229.85	1.487E-18
229.90	1.514E-18
229.95	1.483E-18
230.00	1.486E-18
230.05	1.476E-18
230.10	1.468E-18
230.15	1.463E-18
230.20	1.441E-18
230.25	1.450E-18
230.30	1.440E-18
230.35	1.392E-18
230.40	1.422E-18
230.45	1.428E-18
230.50	1.423E-18
230.55	1.439E-18
230.60	1.435E-18
230.65	1.396E-18
230.70	1.403E-18
230.75	1.405E-18
230.80	1.380E-18
230.85	1.397E-18
230.90	1.364E-18
230.95	1.395E-18
231.00	1.379E-18
231.05	1.365E-18
231.10	1.332E-18
231.15	1.367E-18
231.20	1.356E-18
231.25	1.338E-18
231.30	1.327E-18
231.35	1.316E-18
231.40	1.310E-18
231.45	1.310E-18
231.50	1.304E-18
231.55	1.311E-18
231.60	1.299E-18
231.65	1.300E-18
231.70	1.291E-18
231.75	1.305E-18
231.80	1.273E-18
231.85	1.264E-18
231.90	1.270E-18
231.95	1.282E-18
232.00	1.277E-18
232.05	1.252E-18
232.10	1.270E-18
232.15	1.272E-18
232.20	1.256E-18
232.25	1.251E-18
232.30	1.257E-18
232.35	1.260E-18
232.40	1.251E-18
232.45	1.234E-18
232.50	1.256E-18
232.55	1.241E-18
232.60	1.240E-18
232.65	1.215E-18
232.70	1.206E-18
232.75	1.237E-18
232.80	1.234E-18
232.85	1.202E-18
232.90	1.206E-18
232.95	1.195E-18
233.00	1.184E-18
233.05	1.182E-18
233.10	1.164E-18
233.15	1.157E-18
233.20	1.183E-18
233.25	1.170E-18
233.30	1.145E-18
233.35	1.159E-18
233.40	1.161E-18
233.45	1.163E-18
233.50	1.136E-18
233.55	1.148E-18
233.60	1.121E-18
233.65	1.135E-18
233.70	1.129E-18
233.75	1.143E-18
233.80	1.127E-18
233.85	1.137E-18
233.90	1.119E-18
233.95	1.127E-18
234.00	1.122E-18
234.05	1.122E-18
234.10	1.114E-18
234.15	1.088E-18
234.20	1.084E-18
234.25	1.089E-18
234.30	1.069E-18
234.35	1.076E-18
234.40	1.090E-18
234.45	1.107E-18
234.50	1.101E-18
234.55	1.086E-18
234.60	1.074E-18
234.65	1.090E-18
234.70	1.090E-18
234.75	1.107E-18
234.80	1.080E-18
234.85	1.085E-18
234.90	1.076E-18
234.95	1.071E-18
235.00	1.041E-18
235.05	1.065E-18
235.10	1.076E-18
235.15	1.056E-18
235.20	1.091E-18
235.25	1.062E-18
235.30	1.077E-18
235.35	1.073E-18
235.40	1.050E-18
235.45	1.059E-18
235.50	1.060E-18
235.55	1.041E-18
235.60	1.038E-18
235.65	1.047E-18
235.70	1.037E-18
235.75	1.047E-18
235.80	1.040E-18
235.85	1.023E-18
235.90	1.029E-18
235.95	1.032E-18
236.00	1.011E-18
236.05	1.023E-18
236.10	1.018E-18
236.15	1.024E-18
236.20	1.011E-18
236.25	1.010E-18
236.30	1.007E-18
236.35	1.010E-18
236.40	9.992E-19
236.45	9.977E-19
236.50	1.007E-18
236.55	9.896E-19
236.60	9.891E-19
236.65	9.886E-19
236.70	9.833E-19
236.75	9.803E-19
236.80	9.798E-19
236.85	9.764E-19
236.90	9.857E-19
236.95	9.690E-19
237.00	9.739E-19
237.05	9.714E-19
237.10	9.599E-19
237.15	9.661E-19
237.20	9.527E-19
237.25	9.607E-19
237.30	9.534E-19
237.35	9.523E-19
237.40	9.544E-19
237.45	9.450E-19
237.50	9.539E-19
237.55	9.417E-19
237.60	9.389E-19
237.65	9.416E-19
237.70	9.299E-19
237.75	9.341E-19
237.80	9.340E-19
237.85	9.236E-19
237.90	9.283E-19
237.95	9.266E-19
238.00	9.321E-19
238.05	9.224E-19
238.10	9.286E-19
238.15	9.276E-19
238.20	9.172E-19
238.25	9.175E-19
238.30	9.096E-19
238.35	9.051E-19
238.40	9.099E-19
238.45	9.037E-19
238.50	9.074E-19
238.55	9.051E-19
238.60	8.965E-19
238.65	8.991E-19
238.70	8.963E-19
238.75	8.975E-19
238.80	8.920E-19
238.85	8.961E-19
238.90	8.904E-19
238.95	8.898E-19
239.00	8.936E-19
239.05	8.879E-19
239.10	8.863E-19
239.15	8.798E-19
239.20	8.772E-19
239.25	8.867E-19
239.30	8.718E-19
239.35	8.771E-19
239.40	8.729E-19
239.45	8.748E-19
239.50	8.702E-19
239.55	8.667E-19
239.60	8.670E-19
239.65	8.632E-19
239.70	8.683E-19
239.75	8.411E-19
239.80	8.603E-19
239.85	8.640E-19
239.90	8.616E-19
239.95	8.554E-19
240.00	8.494E-19
240.05	8.503E-19
240.10	8.509E-19
240.15	8.455E-19
240.20	8.517E-19
240.25	8.458E-19
240.30	8.412E-19
240.35	8.433E-19
240.40	8.474E-19
240.45	8.352E-19
240.50	8.408E-19
240.55	8.366E-19
240.60	8.367E-19
240.65	8.378E-19
240.70	8.333E-19
240.75	8.349E-19
240.80	8.247E-19
240.85	8.230E-19
240.90	8.346E-19
240.95	8.320E-19
241.00	8.260E-19
241.05	8.240E-19
241.10	8.241E-19
241.15	8.239E-19
241.20	8.168E-19
241.25	8.196E-19
241.30	8.137E-19
241.35	8.160E-19
241.40	8.207E-19
241.45	8.128E-19
241.50	8.176E-19
241.55	8.061E-19
241.60	8.104E-19
241.65	8.134E-19
241.70	8.095E-19
241.75	8.095E-19
241.80	8.164E-19
241.85	8.179E-19
241.90	8.114E-19
241.95	8.113E-19
242.00	8.045E-19
242.05	8.039E-19
242.10	8.105E-19
242.15	8.064E-19
242.20	8.056E-19
242.25	8.044E-19
242.30	8.067E-19
242.35	7.922E-19
242.40	8.041E-19
242.45	8.076E-19
242.50	8.044E-19
242.55	7.943E-19
242.60	7.978E-19
242.65	7.911E-19
242.70	7.885E-19
242.75	7.921E-19
242.80	7.988E-19
242.85	7.921E-19
242.90	7.895E-19
242.95	7.822E-19
243.00	7.892E-19
243.05	7.833E-19
243.10	7.879E-19
243.15	7.823E-19
243.20	7.843E-19
243.25	7.814E-19
243.30	7.860E-19
243.35	7.878E-19
243.40	7.799E-19
243.45	7.732E-19
243.50	7.756E-19
243.55	7.838E-19
243.60	7.755E-19
243.65	7.794E-19
243.70	7.789E-19
243.75	7.826E-19
243.80	7.726E-19
243.85	7.730E-19
243.90	7.727E-19
243.95	7.726E-19
244.00	7.702E-19
244.05	7.717E-19
244.10	7.715E-19
244.15	7.719E-19
244.20	7.687E-19
244.25	7.674E-19
244.30	7.705E-19
244.35	7.738E-19
244.40	7.757E-19
244.45	7.745E-19
244.50	7.747E-19
244.55	7.724E-19
244.60	7.682E-19
244.65	7.725E-19
244.70	7.653E-19
244.75	7.745E-19
244.80	7.755E-19
244.85	7.710E-19
244.90	7.719E-19
244.95	7.642E-19
245.00	7.669E-19
245.05	7.688E-19
245.10	7.694E-19
245.15	7.692E-19
245.20	7.662E-19
245.25	7.672E-19
245.30	7.661E-19
245.35	7.655E-19
245.40	7.678E-19
245.45	7.667E-19
245.50	7.631E-19
245.55	7.659E-19
245.60	7.568E-19
245.65	7.593E-19
245.70	7.657E-19
245.75	7.593E-19
245.80	7.654E-19
245.85	7.660E-19
245.90	7.660E-19
245.95	7.637E-19
246.00	7.727E-19
246.05	7.598E-19
246.10	7.628E-19
246.15	7.655E-19
246.20	7.491E-19
246.25	7.533E-19
246.30	7.596E-19
246.35	7.508E-19
246.40	7.577E-19
246.45	7.618E-19
246.50	7.618E-19
246.55	7.558E-19
246.60	7.590E-19
246.65	7.519E-19
246.70	7.600E-19
246.75	7.655E-19
246.80	7.545E-19
246.85	7.579E-19
246.90	7.570E-19
246.95	7.610E-19
247.00	7.529E-19
247.05	7.565E-19
247.10	7.561E-19
247.15	7.568E-19
247.20	7.574E-19
247.25	7.595E-19
247.30	7.642E-19
247.35	7.629E-19
247.40	7.571E-19
247.45	7.538E-19
247.50	7.574E-19
247.55	7.571E-19
247.60	7.539E-19
247.65	7.569E-19
247.70	7.562E-19
247.75	7.595E-19
247.80	7.534E-19
247.85	7.552E-19
247.90	7.553E-19
247.95	7.514E-19
248.00	7.558E-19
248.05	7.598E-19
248.10	7.590E-19
248.15	7.603E-19
248.20	7.587E-19
248.25	7.574E-19
248.30	7.527E-19
248.35	7.577E-19
248.40	7.602E-19
248.45	7.586E-19
248.50	7.632E-19
248.55	7.563E-19
248.60	7.598E-19
248.65	7.563E-19
248.70	7.588E-19
248.75	7.596E-19
248.80	7.551E-19
248.85	7.564E-19
248.90	7.525E-19
248.95	7.552E-19
249.00	7.593E-19
249.05	7.584E-19
249.10	7.595E-19
249.15	7.581E-19
249.20	7.412E-19
249.25	7.594E-19
249.30	7.495E-19
249.35	7.687E-19
249.40	7.572E-19
249.45	7.531E-19
249.50	7.545E-19
249.55	7.635E-19
249.60	7.576E-19
249.65	7.561E-19
249.70	7.577E-19
249.75	7.576E-19
249.80	7.592E-19
249.85	7.580E-19
249.90	7.561E-19
249.95	7.579E-19
250.00	7.566E-19
250.05	7.559E-19
250.10	7.556E-19
250.15	7.573E-19
250.20	7.577E-19
250.25	7.595E-19
250.30	7.585E-19
250.35	7.592E-19
250.40	7.628E-19
250.45	7.591E-19
250.50	7.610E-19
250.55	7.611E-19
250.60	7.603E-19
250.65	7.607E-19
250.70	7.597E-19
250.75	7.632E-19
250.80	7.570E-19
250.85	7.623E-19
250.90	7.624E-19
250.95	7.629E-19
251.00	7.585E-19
251.05	7.590E-19
251.10	7.621E-19
251.15	7.635E-19
251.20	7.606E-19
251.25	7.646E-19
251.30	7.642E-19
251.35	7.640E-19
251.40	7.584E-19
251.45	7.622E-19
251.50	7.628E-19
251.55	7.621E-19
251.60	7.621E-19
251.65	7.590E-19
251.70	7.688E-19
251.75	7.648E-19
251.80	7.619E-19
251.85	7.647E-19
251.90	7.657E-19
251.95	7.634E-19
252.00	7.619E-19
252.05	7.608E-19
252.10	7.686E-19
252.15	7.602E-19
252.20	7.602E-19
252.25	7.704E-19
252.30	7.649E-19
252.35	7.586E-19
252.40	7.704E-19
252.45	7.661E-19
252.50	7.658E-19
252.55	7.644E-19
252.60	7.661E-19
252.65	7.617E-19
252.70	7.645E-19
252.75	7.657E-19
252.80	7.647E-19
252.85	7.688E-19
252.90	7.636E-19
252.95	7.687E-19
253.00	7.651E-19
253.05	7.615E-19
253.10	7.633E-19
253.15	7.708E-19
253.20	7.638E-19
253.25	7.623E-19
253.30	7.629E-19
253.35	7.693E-19
253.40	7.664E-19
253.45	7.690E-19
253.50	7.607E-19
253.55	7.667E-19
253.60	7.642E-19
253.65	7.685E-19
253.70	7.706E-19
253.75	7.671E-19
253.80	7.631E-19
253.85	7.650E-19
253.90	7.643E-19
253.95	7.689E-19
254.00	7.624E-19
254.05	7.645E-19
254.10	7.649E-19
254.15	7.732E-19
254.20	7.662E-19
254.25	7.672E-19
254.30	7.625E-19
254.35	7.676E-19
254.40	7.669E-19
254.45	7.676E-19
254.50	7.707E-19
254.55	7.685E-19
254.60	7.690E-19
254.65	7.706E-19
254.70	7.651E-19
254.75	7.700E-19
254.80	7.699E-19
254.85	7.641E-19
254.90	7.712E-19
254.95	7.720E-19
255.00	7.697E-19
255.05	7.721E-19
255.10	7.723E-19
255.15	7.698E-19
255.20	7.732E-19
255.25	7.707E-19
255.30	7.657E-19
255.35	7.652E-19
255.40	7.720E-19
255.45	7.745E-19
255.50	7.745E-19
255.55	7.735E-19
255.60	7.739E-19
255.65	7.612E-19
255.70	7.686E-19
255.75	7.801E-19
255.80	7.695E-19
255.85	7.713E-19
255.90	7.717E-19
255.95	7.710E-19
256.00	7.741E-19
256.05	7.698E-19
256.10	7.774E-19
256.15	7.706E-19
256.20	7.713E-19
256.25	7.676E-19
256.30	7.668E-19
256.35	7.696E-19
256.40	7.783E-19
256.45	7.690E-19
256.50	7.642E-19
256.55	7.761E-19
256.60	7.759E-19
256.65	7.646E-19
256.70	7.734E-19
256.75	7.754E-19
256.80	7.702E-19
256.85	7.760E-19
256.90	7.788E-19
256.95	7.641E-19
257.00	7.700E-19
257.05	7.740E-19
257.10	7.734E-19
257.15	7.756E-19
257.20	7.723E-19
257.25	7.784E-19
257.30	7.756E-19
257.35	7.746E-19
257.40	7.773E-19
257.45	7.730E-19
257.50	7.810E-19
257.55	7.764E-19
257.60	7.749E-19
257.65	7.775E-19
257.70	7.733E-19
257.75	7.724E-19
257.80	7.705E-19
257.85	7.730E-19
257.90	7.788E-19
257.95	7.781E-19
258.00	7.747E-19
258.05	7.711E-19
258.10	7.699E-19
258.15	7.744E-19
258.20	7.717E-19
258.25	7.747E-19
258.30	7.724E-19
258.35	7.748E-19
258.40	7.753E-19
258.45	7.768E-19
258.50	7.772E-19
258.55	7.710E-19
258.60	7.666E-19
258.65	7.725E-19
258.70	7.700E-19
258.75	7.748E-19
258.80	7.732E-19
258.85	7.737E-19
258.90	7.702E-19
258.95	7.737E-19
259.00	7.732E-19
259.05	7.754E-19
259.10	7.757E-19
259.15	7.717E-19
259.20	7.746E-19
259.25	7.740E-19
259.30	7.744E-19
259.35	7.691E-19
259.40	7.791E-19
259.45	7.696E-19
259.50	7.715E-19
259.55	7.697E-19
259.60	7.763E-19
259.65	7.764E-19
259.70	7.736E-19
259.75	7.736E-19
259.80	7.720E-19
259.85	7.756E-19
259.90	7.781E-19
259.95	7.750E-19
260.00	7.685E-19
260.05	7.720E-19
260.10	7.710E-19
260.15	7.781E-19
260.20	7.665E-19
260.25	7.732E-19
260.30	7.763E-19
260.35	7.711E-19
260.40	7.757E-19
260.45	7.683E-19
260.50	7.745E-19
260.55	7.716E-19
260.60	7.673E-19
260.65	7.702E-19
260.70	7.663E-19
260.75	7.656E-19
260.80	7.643E-19
260.85	7.652E-19
260.90	7.699E-19
260.95	7.653E-19
261.00	7.692E-19
261.05	7.715E-19
261.10	7.715E-19
261.15	7.613E-19
261.20	7.657E-19
261.25	7.665E-19
261.30	7.662E-19
261.35	7.656E-19
261.40	7.656E-19
261.45	7.711E-19
261.50	7.646E-19
261.55	7.640E-19
261.60	7.651E-19
261.65	7.622E-19
261.70	7.636E-19
261.75	7.649E-19
261.80	7.658E-19
261.85	7.562E-19
261.90	7.614E-19
261.95	7.606E-19
262.00	7.622E-19
262.05	7.592E-19
262.10	7.619E-19
262.15	7.623E-19
262.20	7.610E-19
262.25	7.565E-19
262.30	7.497E-19
262.35	7.548E-19
262.40	7.602E-19
262.45	7.567E-19
262.50	7.556E-19
262.55	7.559E-19
262.60	7.560E-19
262.65	7.553E-19
262.70	7.592E-19
262.75	7.522E-19
262.80	7.512E-19
262.85	7.566E-19
262.90	7.493E-19
262.95	7.531E-19
263.00	7.542E-19
263.05	7.542E-19
263.10	7.515E-19
263.15	7.449E-19
263.20	7.523E-19
263.25	7.519E-19
263.30	7.536E-19
263.35	7.527E-19
263.40	7.482E-19
263.45	7.477E-19
263.50	7.492E-19
263.55	7.529E-19
263.60	7.511E-19
263.65	7.439E-19
263.70	7.473E-19
263.75	7.498E-19
263.80	7.434E-19
263.85	7.477E-19
263.90	7.446E-19
263.95	7.474E-19
264.00	7.433E-19
264.05	7.453E-19
264.10	7.398E-19
264.15	7.429E-19
264.20	7.446E-19
264.25	7.400E-19
264.30	7.422E-19
264.35	7.372E-19
264.40	7.303E-19
264.45	7.402E-19
264.50	7.358E-19
264.55	7.349E-19
264.60	7.344E-19
264.65	7.386E-19
264.70	7.330E-19
264.75	7.347E-19
264.80	7.292E-19
264.85	7.314E-19
264.90	7.303E-19
264.95	7.307E-19
265.00	7.306E-19
265.05	7.341E-19
265.10	7.303E-19
265.15	7.266E-19
265.20	7.288E-19
265.25	7.278E-19
265.30	7.314E-19
265.35	7.331E-19
265.40	7.282E-19
265.45	7.229E-19
265.50	7.244E-19
265.55	7.261E-19
265.60	7.249E-19
265.65	7.266E-19
265.70	7.225E-19
265.75	7.231E-19
265.80	7.229E-19
265.85	7.271E-19
265.90	7.235E-19
265.95	7.240E-19
266.00	7.224E-19
266.05	7.194E-19
266.10	7.145E-19
266.15	7.172E-19
266.20	7.175E-19
266.25	7.180E-19
266.30	7.190E-19
266.35	7.154E-19
266.40	7.168E-19
266.45	7.159E-19
266.50	7.158E-19
266.55	7.114E-19
266.60	7.103E-19
266.65	7.080E-19
266.70	7.096E-19
266.75	7.072E-19
266.80	7.095E-19
266.85	7.106E-19
266.90	7.089E-19
266.95	7.052E-19
267.00	7.069E-19
267.05	7.067E-19
267.10	7.033E-19
267.15	7.033E-19
267.20	7.029E-19
267.25	7.030E-19
267.30	7.045E-19
267.35	6.998E-19
267.40	6.974E-19
267.45	6.981E-19
267.50	6.988E-19
267.55	6.982E-19
267.60	6.992E-19
267.65	6.987E-19
267.70	6.957E-19
267.75	6.917E-19
267.80	6.963E-19
267.85	6.982E-19
267.90	6.969E-19
267.95	6.922E-19
268.00	6.925E-19
268.05	6.890E-19
268.10	6.886E-19
268.15	6.879E-19
268.20	6.868E-19
268.25	6.849E-19
268.30	6.884E-19
268.35	6.862E-19
268.40	6.851E-19
268.45	6.835E-19
268.50	6.868E-19
268.55	6.798E-19
268.60	6.840E-19
268.65	6.817E-19
268.70	6.787E-19
268.75	6.769E-19
268.80	6.759E-19
268.85	6.741E-19
268.90	6.760E-19
268.95	6.767E-19
269.00	6.768E-19
269.05	6.686E-19
269.10	6.762E-19
269.15	6.737E-19
269.20	6.762E-19
269.25	6.690E-19
269.30	6.713E-19
269.35	6.689E-19
269.40	6.744E-19
269.45	6.736E-19
269.50	6.673E-19
269.55	6.624E-19
269.60	6.669E-19
269.65	6.672E-19
269.70	6.590E-19
269.75	6.640E-19
269.80	6.642E-19
269.85	6.629E-19
269.90	6.617E-19
269.95	6.593E-19
270.00	6.599E-19
270.05	6.555E-19
270.10	6.549E-19
270.15	6.556E-19
270.20	6.555E-19
270.25	6.540E-19
270.30	6.522E-19
270.35	6.483E-19
270.40	6.499E-19
270.45	6.495E-19
270.50	6.472E-19
270.55	6.508E-19
270.60	6.506E-19
270.65	6.420E-19
270.70	6.450E-19
270.75	6.466E-19
270.80	6.441E-19
270.85	6.395E-19
270.90	6.458E-19
270.95	6.403E-19
271.00	6.427E-19
271.05	6.408E-19
271.10	6.395E-19
271.15	6.353E-19
271.20	6.439E-19
271.25	6.344E-19
271.30	6.334E-19
271.35	6.329E-19
271.40	6.313E-19
271.45	6.350E-19
271.50	6.314E-19
271.55	6.310E-19
271.60	6.317E-19
271.65	6.288E-19
271.70	6.310E-19
271.75	6.256E-19
271.80	6.254E-19
271.85	6.262E-19
271.90	6.262E-19
271.95	6.229E-19
272.00	6.227E-19
272.05	6.256E-19
272.10	6.228E-19
272.15	6.215E-19
272.20	6.221E-19
272.25	6.174E-19
272.30	6.155E-19
272.35	6.173E-19
272.40	6.154E-19
272.45	6.149E-19
272.50	6.158E-19
272.55	6.108E-19
272.60	6.113E-19
272.65	6.106E-19
272.70	6.084E-19
272.75	6.071E-19
272.80	6.086E-19
272.85	6.065E-19
272.90	6.025E-19
272.95	6.047E-19
273.00	6.070E-19
273.05	6.034E-19
273.10	6.029E-19
273.15	6.028E-19
273.20	6.019E-19
273.25	5.978E-19
273.30	6.006E-19
273.35	5.994E-19
273.40	5.995E-19
273.45	5.946E-19
273.50	5.921E-19
273.55	5.923E-19
273.60	5.939E-19
273.65	5.953E-19
273.70	5.917E-19
273.75	5.938E-19
273.80	5.905E-19
273.85	5.876E-19
273.90	5.889E-19
273.95	5.873E-19
274.00	5.866E-19
274.05	5.846E-19
274.10	5.821E-19
274.15	5.865E-19
274.20	5.832E-19
274.25	5.830E-19
274.30	5.767E-19
274.35	5.775E-19
274.40	5.794E-19
274.45	5.780E-19
274.50	5.807E-19
274.55	5.768E-19
274.60	5.759E-19
274.65	5.676E-19
274.70	5.718E-19
274.75	5.712E-19
274.80	5.702E-19
274.85	5.712E-19
274.90	5.678E-19
274.95	5.721E-19
275.00	5.660E-19
275.05	5.659E-19
275.10	5.657E-19
275.15	5.634E-19
275.20	5.649E-19
275.25	5.631E-19
275.30	5.578E-19
275.35	5.630E-19
275.40	5.579E-19
275.45	5.594E-19
275.50	5.595E-19
275.55	5.596E-19
275.60	5.573E-19
275.65	5.525E-19
275.70	5.570E-19
275.75	5.545E-19
275.80	5.535E-19
275.85	5.502E-19
275.90	5.485E-19
275.95	5.473E-19
276.00	5.526E-19
276.05	5.436E-19
276.10	5.478E-19
276.15	5.415E-19
276.20	5.398E-19
276.25	5.449E-19
276.30	5.398E-19
276.35	5.398E-19
276.40	5.396E-19
276.45	5.382E-19
276.50	5.394E-19
276.55	5.363E-19
276.60	5.326E-19
276.65	5.362E-19
276.70	5.354E-19
276.75	5.325E-19
276.80	5.299E-19
276.85	5.303E-19
276.90	5.301E-19
276.95	5.287E-19
277.00	5.278E-19
277.05	5.269E-19
277.10	5.233E-19
277.15	5.252E-19
277.20	5.263E-19
277.25	5.256E-19
277.30	5.194E-19
277.35	5.246E-19
277.40	5.189E-19
277.45	5.165E-19
277.50	5.175E-19
277.55	5.182E-19
277.60	5.121E-19
277.65	5.148E-19
277.70	5.131E-19
277.75	5.116E-19
277.80	5.083E-19
277.85	5.093E-19
277.90	5.091E-19
277.95	5.098E-19
278.00	5.091E-19
278.05	5.077E-19
278.10	5.047E-19
278.15	5.069E-19
278.20	5.015E-19
278.25	5.034E-19
278.30	5.016E-19
278.35	5.005E-19
278.40	4.993E-19
278.45	5.001E-19
278.50	5.008E-19
278.55	4.997E-19
278.60	4.939E-19
278.65	4.972E-19
278.70	4.951E-19
278.75	4.959E-19
278.80	4.950E-19
278.85	4.952E-19
278.90	4.928E-19
278.95	4.899E-19
279.00	4.863E-19
279.05	4.875E-19
279.10	4.892E-19
279.15	4.847E-19
279.20	4.850E-19
279.25	4.856E-19
279.30	4.840E-19
279.35	4.822E-19
279.40	4.823E-19
279.45	4.796E-19
279.50	4.787E-19
279.55	4.792E-19
279.60	4.766E-19
279.65	4.801E-19
279.70	4.774E-19
279.75	4.737E-19
279.80	4.743E-19
279.85	4.710E-19
279.90	4.704E-19
279.95	4.696E-19
280.00	4.707E-19
280.05	4.676E-19
280.10	4.697E-19
280.15	4.656E-19
280.20	4.680E-19
280.25	4.651E-19
280.30	4.615E-19
280.35	4.595E-19
280.40	4.609E-19
280.45	4.574E-19
280.50	4.634E-19
280.55	4.581E-19
280.60	4.565E-19
280.65	4.560E-19
280.70	4.518E-19
280.75	4.549E-19
280.80	4.571E-19
280.85	4.558E-19
280.90	4.505E-19
280.95	4.472E-19
281.00	4.515E-19
281.05	4.500E-19
281.10	4.512E-19
281.15	4.465E-19
281.20	4.473E-19
281.25	4.453E-19
281.30	4.495E-19
281.35	4.441E-19
281.40	4.457E-19
281.45	4.416E-19
281.50	4.387E-19
281.55	4.407E-19
281.60	4.366E-19
281.65	4.369E-19
281.70	4.402E-19
281.75	4.347E-19
281.80	4.368E-19
281.85	4.374E-19
281.90	4.332E-19
281.95	4.331E-19
282.00	4.314E-19
282.05	4.338E-19
282.10	4.272E-19
282.15	4.321E-19
282.20	4.292E-19
282.25	4.225E-19
282.30	4.299E-19
282.35	4.263E-19
282.40	4.252E-19
282.45	4.200E-19
282.50	4.242E-19
282.55	4.220E-19
282.60	4.238E-19
282.65	4.175E-19
282.70	4.196E-19
282.75	4.185E-19
282.80	4.177E-19
282.85	4.149E-19
282.90	4.167E-19
282.95	4.139E-19
283.00	4.168E-19
283.05	4.082E-19
283.10	4.156E-19
283.15	4.074E-19
283.20	4.087E-19
283.25	4.100E-19
283.30	4.067E-19
283.35	4.066E-19
283.40	4.086E-19
283.45	4.033E-19
283.50	4.047E-19
283.55	4.013E-19
283.60	4.022E-19
283.65	4.007E-19
283.70	3.998E-19
283.75	3.976E-19
283.80	3.972E-19
283.85	3.954E-19
283.90	3.967E-19
283.95	3.941E-19
284.00	3.923E-19
284.05	3.934E-19
284.10	3.932E-19
284.15	3.907E-19
284.20	3.886E-19
284.25	3.932E-19
284.30	3.876E-19
284.35	3.859E-19
284.40	3.871E-19
284.45	3.857E-19
284.50	3.868E-19
284.55	3.846E-19
284.60	3.846E-19
284.65	3.818E-19
284.70	3.809E-19
284.75	3.798E-19
284.80	3.790E-19
284.85	3.798E-19
284.90	3.801E-19
284.95	3.780E-19
285.00	3.793E-19
285.05	3.753E-19
285.10	3.755E-19
285.15	3.737E-19
285.20	3.735E-19
285.25	3.731E-19
285.30	3.726E-19
285.35	3.714E-19
285.40	3.735E-19
285.45	3.700E-19
285.50	3.673E-19
285.55	3.682E-19
285.60	3.652E-19
285.65	3.640E-19
285.70	3.663E-19
285.75	3.608E-19
285.80	3.637E-19
285.85	3.610E-19
285.90	3.599E-19
285.95	3.570E-19
286.00	3.557E-19
286.05	3.576E-19
286.10	3.559E-19
286.15	3.545E-19
286.20	3.555E-19
286.25	3.552E-19
286.30	3.528E-19
286.35	3.514E-19
286.40	3.533E-19
286.45	3.521E-19
286.50	3.482E-19
286.55	3.502E-19
286.60	3.495E-19
286.65	3.474E-19
286.70	3.478E-19
286.75	3.442E-19
286.80	3.443E-19
286.85	3.442E-19
286.90	3.450E-19
286.95	3.433E-19
287.00	3.426E-19
287.05	3.426E-19
287.10	3.424E-19
287.15	3.396E-19
287.20	3.396E-19
287.25	3.375E-19
287.30	3.372E-19
287.35	3.347E-19
287.40	3.380E-19
287.45	3.348E-19
287.50	3.343E-19
287.55	3.337E-19
287.60	3.337E-19
287.65	3.302E-19
287.70	3.325E-19
287.75	3.325E-19
287.80	3.297E-19
287.85	3.300E-19
287.90	3.261E-19
287.95	3.281E-19
288.00	3.267E-19
288.05	3.281E-19
288.10	3.237E-19
288.15	3.247E-19
288.20	3.221E-19
288.25	3.229E-19
288.30	3.231E-19
288.35	3.236E-19
288.40	3.191E-19
288.45	3.197E-19
288.50	3.207E-19
288.55	3.183E-19
288.60	3.187E-19
288.65	3.197E-19
288.70	3.172E-19
288.75	3.169E-19
288.80	3.162E-19
288.85	3.129E-19
288.90	3.099E-19
288.95	3.131E-19
289.00	3.144E-19
289.05	3.093E-19
289.10	3.109E-19
289.15	3.093E-19
289.20	3.096E-19
289.25	3.059E-19
289.30	3.069E-19
289.35	3.063E-19
289.40	3.058E-19
289.45	3.067E-19
289.50	3.056E-19
289.55	3.047E-19
289.60	3.040E-19
289.65	3.025E-19
289.70	3.002E-19
289.75	3.035E-19
289.80	3.004E-19
289.85	2.989E-19
289.90	2.999E-19
289.95	2.969E-19
290.00	2.959E-19
290.05	2.974E-19
290.10	2.960E-19
290.15	2.944E-19
290.20	2.965E-19
290.25	2.942E-19
290.30	2.923E-19
290.35	2.927E-19
290.40	2.918E-19
290.45	2.945E-19
290.50	2.889E-19
290.55	2.917E-19
290.60	2.929E-19
290.65	2.896E-19
290.70	2.885E-19
290.75	2.887E-19
290.80	2.873E-19
290.85	2.864E-19
290.90	2.868E-19
290.95	2.866E-19
291.00	2.862E-19
291.05	2.852E-19
291.10	2.838E-19
291.15	2.830E-19
291.20	2.820E-19
291.25	2.835E-19
291.30	2.799E-19
291.35	2.796E-19
291.40	2.810E-19
291.45	2.780E-19
291.50	2.792E-19
291.55	2.813E-19
291.60	2.761E-19
291.65	2.764E-19
291.70	2.746E-19
291.75	2.752E-19
291.80	2.749E-19
291.85	2.728E-19
291.90	2.739E-19
291.95	2.741E-19
292.00	2.719E-19
292.05	2.713E-19
292.10	2.695E-19
292.15	2.722E-19
292.20	2.696E-19
292.25	2.691E-19
292.30	2.717E-19
292.35	2.666E-19
292.40	2.672E-19
292.45	2.664E-19
292.50	2.661E-19
292.55	2.671E-19
292.60	2.658E-19
292.65	2.637E-19
292.70	2.654E-19
292.75	2.627E-19
292.80	2.623E-19
292.85	2.642E-19
292.90	2.638E-19
292.95	2.611E-19
293.00	2.618E-19
293.05	2.621E-19
293.10	2.598E-19
293.15	2.592E-19
293.20	2.583E-19
293.25	2.593E-19
293.30	2.568E-19
293.35	2.572E-19
293.40	2.574E-19
293.45	2.572E-19
293.50	2.586E-19
293.55	2.561E-19
293.60	2.549E-19
293.65	2.563E-19
293.70	2.535E-19
293.75	2.517E-19
293.80	2.541E-19
293.85	2.558E-19
293.90	2.535E-19
293.95	2.532E-19
294.00	2.524E-19
294.05	2.520E-19
294.10	2.501E-19
294.15	2.514E-19
294.20	2.501E-19
294.25	2.506E-19
294.30	2.488E-19
294.35	2.496E-19
294.40	2.506E-19
294.45	2.462E-19
294.50	2.481E-19
294.55	2.482E-19
294.60	2.467E-19
294.65	2.454E-19
294.70	2.469E-19
294.75	2.459E-19
294.80	2.430E-19
294.85	2.444E-19
294.90	2.422E-19
294.95	2.419E-19
295.00	2.436E-19
295.05	2.422E-19
295.10	2.411E-19
295.15	2.397E-19
295.20	2.407E-19
295.25	2.399E-19
295.30	2.404E-19
295.35	2.411E-19
295.40	2.400E-19
295.45	2.381E-19
295.50	2.401E-19
295.55	2.393E-19
295.60	2.395E-19
295.65	2.383E-19
295.70	2.359E-19
295.75	2.385E-19
295.80	2.363E-19
295.85	2.384E-19
295.90	2.376E-19
295.95	2.365E-19
296.00	2.381E-19
296.05	2.367E-19
296.10	2.355E-19
296.15	2.374E-19
296.20	2.360E-19
296.25	2.372E-19
296.30	2.370E-19
296.35	2.311E-19
296.40	2.350E-19
296.45	2.320E-19
296.50	2.314E-19
296.55	2.299E-19
296.60	2.291E-19
296.65	2.324E-19
296.70	2.285E-19
296.75	2.295E-19
296.80	2.315E-19
296.85	2.308E-19
296.90	2.315E-19
296.95	2.279E-19
297.00	2.297E-19
297.05	2.282E-19
297.10	2.290E-19
297.15	2.253E-19
297.20	2.275E-19
297.25	2.259E-19
297.30	2.245E-19
297.35	2.281E-19
297.40	2.267E-19
297.45	2.251E-19
297.50	2.261E-19
297.55	2.263E-19
297.60	2.227E-19
297.65	2.267E-19
297.70	2.226E-19
297.75	2.241E-19
297.80	2.227E-19
297.85	2.244E-19
297.90	2.215E-19
297.95	2.228E-19
298.00	2.228E-19
298.05	2.254E-19
298.10	2.228E-19
298.15	2.208E-19
298.20	2.204E-19
298.25	2.211E-19
298.30	2.222E-19
298.35	2.220E-19
298.40	2.216E-19
298.45	2.209E-19
298.50	2.215E-19
298.55	2.208E-19
298.60	2.220E-19
298.65	2.215E-19
298.70	2.187E-19
298.75	2.198E-19
298.80	2.189E-19
298.85	2.223E-19
298.90	2.204E-19
298.95	2.190E-19
299.00	2.198E-19
299.05	2.183E-19
299.10	2.199E-19
299.15	2.195E-19
299.20	2.189E-19
299.25	2.189E-19
299.30	2.192E-19
299.35	2.189E-19
299.40	2.181E-19
299.45	2.176E-19
299.50	2.181E-19
299.55	2.200E-19
299.60	2.182E-19
299.65	2.204E-19
299.70	2.176E-19
299.75	2.181E-19
299.80	2.186E-19
299.85	2.183E-19
299.90	2.175E-19
299.95	2.195E-19
300.00	2.160E-19
300.05	2.177E-19
300.10	2.175E-19
300.15	2.182E-19
300.20	2.179E-19
300.25	2.183E-19
300.30	2.177E-19
300.35	2.183E-19
300.40	2.170E-19
300.45	2.181E-19
300.50	2.171E-19
300.55	2.163E-19
300.60	2.173E-19
300.65	2.177E-19
300.70	2.171E-19
300.75	2.156E-19
300.80	2.173E-19
300.85	2.173E-19
300.90	2.185E-19
300.95	2.186E-19
301.00	2.178E-19
301.05	2.181E-19
301.10	2.180E-19
301.15	2.160E-19
301.20	2.187E-19
301.25	2.196E-19
301.30	2.181E-19
301.35	2.172E-19
301.40	2.195E-19
301.45	2.178E-19
301.50	2.198E-19
301.55	2.195E-19
301.60	2.183E-19
301.65	2.182E-19
301.70	2.192E-19
301.75	2.169E-19
301.80	2.159E-19
301.85	2.180E-19
301.90	2.187E-19
301.95	2.195E-19
302.00	2.171E-19
302.05	2.171E-19
302.10	2.162E-19
302.15	2.174E-19
302.20	2.202E-19
302.25	2.198E-19
302.30	2.180E-19
302.35	2.185E-19
302.40	2.186E-19
302.45	2.184E-19
302.50	2.156E-19
302.55	2.219E-19
302.60	2.197E-19
302.65	2.190E-19
302.70	2.188E-19
302.75	2.179E-19
302.80	2.197E-19
302.85	2.186E-19
302.90	2.193E-19
302.95	2.192E-19
303.00	2.201E-19
303.05	2.204E-19
303.10	2.194E-19
303.15	2.195E-19
303.20	2.191E-19
303.25	2.200E-19
303.30	2.195E-19
303.35	2.219E-19
303.40	2.213E-19
303.45	2.222E-19
303.50	2.213E-19
303.55	2.193E-19
303.60	2.205E-19
303.65	2.196E-19
303.70	2.225E-19
303.75	2.223E-19
303.80	2.211E-19
303.85	2.206E-19
303.90	2.235E-19
303.95	2.222E-19
304.00	2.221E-19
304.05	2.221E-19
304.10	2.207E-19
304.15	2.218E-19
304.20	2.229E-19
304.25	2.217E-19
304.30	2.247E-19
304.35	2.222E-19
304.40	2.230E-19
304.45	2.223E-19
304.50	2.238E-19
304.55	2.238E-19
304.60	2.252E-19
304.65	2.250E-19
304.70	2.260E-19
304.75	2.258E-19
304.80	2.258E-19
304.85	2.253E-19
304.90	2.252E-19
304.95	2.250E-19
305.00	2.247E-19
305.05	2.247E-19
305.10	2.225E-19
305.15	2.276E-19
305.20	2.264E-19
305.25	2.258E-19
305.30	2.268E-19
305.35	2.296E-19
305.40	2.275E-19
305.45	2.292E-19
305.50	2.299E-19
305.55	2.306E-19
305.60	2.318E-19
305.65	2.290E-19
305.70	2.312E-19
305.75	2.305E-19
305.80	2.308E-19
305.85	2.327E-19
305.90	2.313E-19
305.95	2.310E-19
306.00	2.310E-19
306.05	2.322E-19
306.10	2.319E-19
306.15	2.318E-19
306.20	2.343E-19
306.25	2.309E-19
306.30	2.348E-19
306.35	2.335E-19
306.40	2.320E-19
306.45	2.362E-19
306.50	2.362E-19
306.55	2.365E-19
306.60	2.352E-19
306.65	2.360E-19
306.70	2.377E-19
306.75	2.356E-19
306.80	2.394E-19
306.85	2.390E-19
306.90	2.389E-19
306.95	2.407E-19
307.00	2.392E-19
307.05	2.374E-19
307.10	2.394E-19
307.15	2.383E-19
307.20	2.426E-19
307.25	2.412E-19
307.30	2.414E-19
307.35	2.433E-19
307.40	2.442E-19
307.45	2.438E-19
307.50	2.438E-19
307.55	2.433E-19
307.60	2.460E-19
307.65	2.458E-19
307.70	2.434E-19
307.75	2.454E-19
307.80	2.441E-19
307.85	2.459E-19
307.90	2.479E-19
307.95	2.468E-19
308.00	2.506E-19
308.05	2.504E-19
308.10	2.491E-19
308.15	2.486E-19
308.20	2.509E-19
308.25	2.493E-19
308.30	2.497E-19
308.35	2.526E-19
308.40	2.517E-19
308.45	2.541E-19
308.50	2.560E-19
308.55	2.540E-19
308.60	2.539E-19
308.65	2.557E-19
308.70	2.547E-19
308.75	2.560E-19
308.80	2.589E-19
308.85	2.561E-19
308.90	2.580E-19
308.95	2.586E-19
309.00	2.557E-19
309.05	2.579E-19
309.10	2.601E-19
309.15	2.604E-19
309.20	2.610E-19
309.25	2.592E-19
309.30	2.616E-19
309.35	2.587E-19
309.40	2.580E-19
309.45	2.611E-19
309.50	2.641E-19
309.55	2.627E-19
309.60	2.622E-19
309.65	2.679E-19
309.70	2.649E-19
309.75	2.648E-19
309.80	2.652E-19
309.85	2.636E-19
309.90	2.655E-19
309.95	2.663E-19
310.00	2.680E-19
310.05	2.669E-19
310.10	2.695E-19
310.15	2.707E-19
310.20	2.727E-19
310.25	2.749E-19
310.30	2.724E-19
310.35	2.717E-19
310.40	2.729E-19
310.45	2.767E-19
310.50	2.774E-19
310.55	2.758E-19
310.60	2.769E-19
310.65	2.771E-19
310.70	2.757E-19
310.75	2.791E-19
310.80	2.794E-19
310.85	2.804E-19
310.90	2.807E-19
310.95	2.783E-19
311.00	2.773E-19
311.05	2.825E-19
311.10	2.831E-19
311.15	2.822E-19
311.20	2.846E-19
311.25	2.844E-19
311.30	2.851E-19
311.35	2.853E-19
311.40	2.854E-19
311.45	2.864E-19
311.50	2.884E-19
311.55	2.889E-19
311.60	2.891E-19
311.65	2.900E-19
311.70	2.892E-19
311.75	2.918E-19
311.80	2.881E-19
311.85	2.932E-19
311.90	2.936E-19
311.95	2.921E-19
312.00	2.970E-19
312.05	2.980E-19
312.10	2.959E-19
312.15	2.985E-19
312.20	2.975E-19
312.25	2.995E-19
312.30	2.968E-19
312.35	2.992E-19
312.40	3.006E-19
312.45	3.004E-19
312.50	3.019E-19
312.55	3.021E-19
312.60	3.035E-19
312.65	3.034E-19
312.70	3.030E-19
312.75	3.060E-19
312.80	3.071E-19
312.85	3.079E-19
312.90	3.072E-19
312.95	3.068E-19
313.00	3.097E-19
313.05	3.093E-19
313.10	3.104E-19
313.15	3.109E-19
313.20	3.112E-19
313.25	3.126E-19
313.30	3.148E-19
313.35	3.142E-19
313.40	3.129E-19
313.45	3.173E-19
313.50	3.164E-19
313.55	3.178E-19
313.60	3.188E-19
313.65	3.194E-19
313.70	3.199E-19
313.75	3.203E-19
313.80	3.237E-19
313.85	3.257E-19
313.90	3.246E-19
313.95	3.276E-19
314.00	3.251E-19
314.05	3.249E-19
314.10	3.289E-19
314.15	3.284E-19
314.20	3.290E-19
314.25	3.283E-19
314.30	3.297E-19
314.35	3.322E-19
314.40	3.347E-19
314.45	3.333E-19
314.50	3.332E-19
314.55	3.350E-19
314.60	3.350E-19
314.65	3.371E-19
314.70	3.374E-19
314.75	3.361E-19
314.80	3.345E-19
314.85	3.391E-19
314.90	3.402E-19
314.95	3.424E-19
315.00	3.426E-19
315.05	3.422E-19
315.10	3.440E-19
315.15	3.434E-19
315.20	3.450E-19
315.25	3.445E-19
315.30	3.443E-19
315.35	3.481E-19
315.40	3.483E-19
315.45	3.504E-19
315.50	3.508E-19
315.55	3.518E-19
315.60	3.521E-19
315.65	3.527E-19
315.70	3.545E-19
315.75	3.557E-19
315.80	3.536E-19
315.85	3.568E-19
315.90	3.572E-19
315.95	3.580E-19
316.00	3.566E-19
316.05	3.625E-19
316.10	3.618E-19
316.15	3.611E-19
316.20	3.634E-19
316.25	3.631E-19
316.30	3.654E-19
316.35	3.659E-19
316.40	3.665E-19
316.45	3.668E-19
316.50	3.693E-19
316.55	3.719E-19
316.60	3.729E-19
316.65	3.735E-19
316.70	3.722E-19
316.75	3.737E-19
316.80	3.735E-19
316.85	3.749E-19
316.90	3.757E-19
316.95	3.789E-19
317.00	3.770E-19
317.05	3.802E-19
317.10	3.822E-19
317.15	3.826E-19
317.20	3.811E-19
317.25	3.805E-19
317.30	3.855E-19
317.35	3.830E-19
317.40	3.849E-19
317.45	3.860E-19
317.50	3.866E-19
317.55	3.894E-19
317.60	3.922E-19
317.65	3.927E-19
317.70	3.938E-19
317.75	3.961E-19
317.80	3.947E-19
317.85	3.990E-19
317.90	3.988E-19
317.95	4.016E-19
318.00	4.012E-19
318.05	4.021E-19
318.10	4.010E-19
318.15	4.062E-19
318.20	4.066E-19
318.25	4.058E-19
318.30	4.063E-19
318.35	4.110E-19
318.40	4.080E-19
318.45	4.098E-19
318.50	4.100E-19
318.55	4.180E-19
318.60	4.122E-19
318.65	4.215E-19
318.70	4.189E-19
318.75	4.203E-19
318.80	4.280E-19
318.85	4.269E-19
318.90	4.216E-19
318.95	4.254E-19
319.00	4.270E-19
319.05	4.245E-19
319.10	4.313E-19
319.15	4.301E-19
319.20	4.328E-19
319.25	4.289E-19
319.30	4.342E-19
319.35	4.340E-19
319.40	4.355E-19
319.45	4.336E-19
319.50	4.409E-19
319.55	4.378E-19
319.60	4.470E-19
319.65	4.414E-19
319.70	4.440E-19
319.75	4.441E-19
319.80	4.468E-19
319.85	4.466E-19
319.90	4.490E-19
319.95	4.513E-19
320.00	4.494E-19
320.05	4.495E-19
320.10	4.493E-19
320.15	4.542E-19
320.20	4.548E-19
320.25	4.544E-19
320.30	4.593E-19
320.35	4.626E-19
320.40	4.649E-19
320.45	4.618E-19
320.50	4.651E-19
320.55	4.680E-19
320.60	4.628E-19
320.65	4.693E-19
320.70	4.650E-19
320.75	4.706E-19
320.80	4.731E-19
320.85	4.697E-19
320.90	4.739E-19
320.95	4.768E-19
321.00	4.752E-19
321.05	4.763E-19
321.10	4.774E-19
321.15	4.804E-19
321.20	4.807E-19
321.25	4.814E-19
321.30	4.844E-19
321.35	4.830E-19
321.40	4.817E-19
321.45	4.862E-19
321.50	4.866E-19
321.55	4.872E-19
321.60	4.913E-19
321.65	4.887E-19
321.70	4.952E-19
321.75	4.941E-19
321.80	4.940E-19
321.85	4.989E-19
321.90	4.950E-19
321.95	4.987E-19
322.00	5.016E-19
322.05	5.022E-19
322.10	5.020E-19
322.15	5.066E-19
322.20	5.080E-19
322.25	5.049E-19
322.30	5.036E-19
322.35	5.088E-19
322.40	5.061E-19
322.45	5.134E-19
322.50	5.106E-19
322.55	5.126E-19
322.60	5.083E-19
322.65	5.159E-19
322.70	5.183E-19
322.75	5.201E-19
322.80	5.149E-19
322.85	5.219E-19
322.90	5.180E-19
322.95	5.264E-19
323.00	5.217E-19
323.05	5.225E-19
323.10	5.318E-19
323.15	5.302E-19
323.20	5.269E-19
323.25	5.248E-19
323.30	5.329E-19
323.35	5.371E-19
323.40	5.375E-19
323.45	5.347E-19
323.50	5.401E-19
323.55	5.377E-19
323.60	5.383E-19
323.65	5.400E-19
323.70	5.421E-19
323.75	5.504E-19
323.80	5.443E-19
323.85	5.464E-19
323.90	5.471E-19
323.95	5.504E-19
324.00	5.502E-19
324.05	5.525E-19
324.10	5.572E-19
324.15	5.536E-19
324.20	5.565E-19
324.25	5.540E-19
324.30	5.571E-19
324.35	5.633E-19
324.40	5.583E-19
324.45	5.670E-19
324.50	5.618E-19
324.55	5.642E-19
324.60	5.691E-19
324.65	5.659E-19
324.70	5.708E-19
324.75	5.714E-19
324.80	5.748E-19
324.85	5.698E-19
324.90	5.741E-19
324.95	5.767E-19
325.00	5.740E-19
325.05	5.772E-19
325.10	5.807E-19
325.15	5.854E-19
325.20	5.812E-19
325.25	5.794E-19
325.30	5.826E-19
325.35	5.866E-19
325.40	5.851E-19
325.45	5.828E-19
325.50	5.879E-19
325.55	5.885E-19
325.60	5.956E-19
325.65	5.917E-19
325.70	5.899E-19
325.75	5.927E-19
325.80	5.931E-19
325.85	5.979E-19
325.90	5.975E-19
325.95	6.042E-19
326.00	5.975E-19
326.05	6.001E-19
326.10	6.023E-19
326.15	6.079E-19
326.20	6.066E-19
326.25	6.083E-19
326.30	6.102E-19
326.35	6.114E-19
326.40	6.104E-19
326.45	6.142E-19
326.50	6.143E-19
326.55	6.113E-19
326.60	6.119E-19
326.65	6.184E-19
326.70	6.202E-19
326.75	6.191E-19
326.80	6.218E-19
326.85	6.212E-19
326.90	6.221E-19
326.95	6.265E-19
327.00	6.206E-19
327.05	6.265E-19
327.10	6.229E-19
327.15	6.261E-19
327.20	6.302E-19
327.25	6.260E-19
327.30	6.350E-19
327.35	6.330E-19
327.40	6.322E-19
327.45	6.312E-19
327.50	6.401E-19
327.55	6.377E-19
327.60	6.406E-19
327.65	6.402E-19
327.70	6.411E-19
327.75	6.437E-19
327.80	6.438E-19
327.85	6.458E-19
327.90	6.479E-19
327.95	6.454E-19
328.00	6.480E-19
328.05	6.504E-19
328.10	6.499E-19
328.15	6.515E-19
328.20	6.523E-19
328.25	6.541E-19
328.30	6.550E-19
328.35	6.533E-19
328.40	6.558E-19
328.45	6.573E-19
328.50	6.593E-19
328.55	6.606E-19
328.60	6.581E-19
328.65	6.598E-19
328.70	6.617E-19
328.75	6.677E-19
328.80	6.656E-19
328.85	6.678E-19
328.90	6.681E-19
328.95	6.683E-19
329.00	6.665E-19
329.05	6.691E-19
329.10	6.736E-19
329.15	6.730E-19
329.20	6.704E-19
329.25	6.767E-19
329.30	6.748E-19
329.35	6.760E-19
329.40	6.797E-19
329.45	6.799E-19
329.50	6.803E-19
329.55	6.944E-19
329.60	6.801E-19
329.65	6.859E-19
329.70	6.851E-19
329.75	6.811E-19
329.80	6.842E-19
329.85	6.855E-19
329.90	6.899E-19
329.95	6.871E-19
330.00	6.896E-19
330.05	6.950E-19
330.10	6.912E-19
330.15	6.943E-19
330.20	6.924E-19
330.25	6.943E-19
330.30	6.985E-19
330.35	6.993E-19
330.40	6.963E-19
330.45	6.973E-19
330.50	6.971E-19
330.55	6.998E-19
330.60	6.977E-19
330.65	7.013E-19
330.70	7.065E-19
330.75	7.019E-19
330.80	7.059E-19
330.85	7.063E-19
330.90	7.096E-19
330.95	7.045E-19
331.00	7.047E-19
331.05	7.066E-19
331.10	7.078E-19
331.15	7.131E-19
331.20	7.073E-19
331.25	7.124E-19
331.30	7.151E-19
331.35	7.157E-19
331.40	7.097E-19
331.45	7.168E-19
331.50	7.133E-19
331.55	7.147E-19
331.60	7.172E-19
331.65	7.179E-19
331.70	7.180E-19
331.75	7.224E-19
331.80	7.214E-19
331.85	7.214E-19
331.90	7.215E-19
331.95	7.208E-19
332.00	7.247E-19
332.05	7.248E-19
332.10	7.277E-19
332.15	7.266E-19
332.20	7.281E-19
332.25	7.275E-19
332.30	7.253E-19
332.35	7.300E-19
332.40	7.266E-19
332.45	7.321E-19
332.50	7.295E-19
332.55	7.284E-19
332.60	7.332E-19
332.65	7.338E-19
332.70	7.367E-19
332.75	7.329E-19
332.80	7.370E-19
332.85	7.390E-19
332.90	7.352E-19
332.95	7.395E-19
333.00	7.389E-19
333.05	7.452E-19
333.10	7.414E-19
333.15	7.388E-19
333.20	7.456E-19
333.25	7.456E-19
333.30	7.492E-19
333.35	7.442E-19
333.40	7.441E-19
333.45	7.470E-19
333.50	7.454E-19
333.55	7.454E-19
333.60	7.479E-19
333.65	7.471E-19
333.70	7.455E-19
333.75	7.463E-19
333.80	7.535E-19
333.85	7.505E-19
333.90	7.515E-19
333.95	7.551E-19
334.00	7.551E-19
334.05	7.543E-19
334.10	7.496E-19
334.15	7.531E-19
334.20	7.553E-19
334.25	7.514E-19
334.30	7.545E-19
334.35	7.546E-19
334.40	7.543E-19
334.45	7.586E-19
334.50	7.568E-19
334.55	7.576E-19
334.60	7.556E-19
334.65	7.572E-19
334.70	7.569E-19
334.75	7.605E-19
334.80	7.583E-19
334.85	7.557E-19
334.90	7.586E-19
334.95	7.618E-19
335.00	7.666E-19
335.05	7.661E-19
335.10	7.655E-19
335.15	7.631E-19
335.20	7.694E-19
335.25	7.689E-19
335.30	7.658E-19
335.35	7.665E-19
335.40	7.668E-19
335.45	7.672E-19
335.50	7.693E-19
335.55	7.695E-19
335.60	7.704E-19
335.65	7.697E-19
335.70	7.676E-19
335.75	7.702E-19
335.80	7.687E-19
335.85	7.720E-19
335.90	7.695E-19
335.95	7.746E-19
336.00	7.720E-19
336.05	7.749E-19
336.10	7.714E-19
336.15	7.736E-19
336.20	7.744E-19
336.25	7.759E-19
336.30	7.699E-19
336.35	7.759E-19
336.40	7.788E-19
336.45	7.767E-19
336.50	7.769E-19
336.55	7.771E-19
336.60	7.802E-19
336.65	7.768E-19
336.70	7.761E-19
336.75	7.802E-19
336.80	7.761E-19
336.85	7.805E-19
336.90	7.791E-19
336.95	7.801E-19
337.00	7.801E-19
337.05	7.778E-19
337.10	7.841E-19
337.15	7.807E-19
337.20	7.799E-19
337.25	7.777E-19
337.30	7.757E-19
337.35	7.824E-19
337.40	7.807E-19
337.45	7.852E-19
337.50	7.792E-19
337.55	7.818E-19
337.60	7.810E-19
337.65	7.812E-19
337.70	7.814E-19
337.75	7.800E-19
337.80	7.760E-19
337.85	7.819E-19
337.90	7.814E-19
337.95	7.805E-19
338.00	7.793E-19
338.05	7.821E-19
338.10	7.790E-19
338.15	7.845E-19
338.20	7.764E-19
338.25	7.791E-19
338.30	7.793E-19
338.35	7.813E-19
338.40	7.788E-19
338.45	7.810E-19
338.50	7.835E-19
338.55	7.800E-19
338.60	7.810E-19
338.65	7.833E-19
338.70	7.842E-19
338.75	7.846E-19
338.80	7.804E-19
338.85	7.841E-19
338.90	7.897E-19
338.95	7.888E-19
339.00	7.833E-19
339.05	7.867E-19
339.10	7.855E-19
339.15	7.875E-19
339.20	7.867E-19
339.25	7.825E-19
339.30	7.859E-19
339.35	7.899E-19
339.40	7.871E-19
339.45	7.849E-19
339.50	7.850E-19
339.55	7.826E-19
339.60	7.843E-19
339.65	7.833E-19
339.70	7.772E-19
339.75	7.831E-19
339.80	7.812E-19
339.85	7.816E-19
339.90	7.822E-19
339.95	7.831E-19
340.00	7.814E-19
340.05	7.784E-19
340.10	7.821E-19
340.15	7.821E-19
340.20	7.820E-19
340.25	7.773E-19
340.30	7.789E-19
340.35	7.808E-19
340.40	7.781E-19
340.45	7.759E-19
340.50	7.764E-19
340.55	7.785E-19
340.60	7.755E-19
340.65	7.783E-19
340.70	7.797E-19
340.75	7.741E-19
340.80	7.765E-19
340.85	7.757E-19
340.90	7.744E-19
340.95	7.761E-19
341.00	7.715E-19
341.05	7.739E-19
341.10	7.725E-19
341.15	7.748E-19
341.20	7.766E-19
341.25	7.700E-19
341.30	7.762E-19
341.35	7.730E-19
341.40	7.770E-19
341.45	7.751E-19
341.50	7.717E-19
341.55	7.710E-19
341.60	7.692E-19
341.65	7.744E-19
341.70	7.680E-19
341.75	7.727E-19
341.80	7.685E-19
341.85	7.699E-19
341.90	7.714E-19
341.95	7.670E-19
342.00	7.666E-19
342.05	7.700E-19
342.10	7.640E-19
342.15	7.673E-19
342.20	7.664E-19
342.25	7.647E-19
342.30	7.655E-19
342.35	7.633E-19
342.40	7.609E-19
342.45	7.617E-19
342.50	7.601E-19
342.55	7.601E-19
342.60	7.595E-19
342.65	7.617E-19
342.70	7.577E-19
342.75	7.606E-19
342.80	7.547E-19
342.85	7.570E-19
342.90	7.537E-19
342.95	7.580E-19
343.00	7.525E-19
343.05	7.604E-19
343.10	7.554E-19
343.15	7.535E-19
343.20	7.499E-19
343.25	7.525E-19
343.30	7.510E-19
343.35	7.532E-19
343.40	7.453E-19
343.45	7.476E-19
343.50	7.454E-19
343.55	7.462E-19
343.60	7.461E-19
343.65	7.483E-19
343.70	7.466E-19
343.75	7.490E-19
343.80	7.431E-19
343.85	7.416E-19
343.90	7.434E-19
343.95	7.437E-19
344.00	7.428E-19
344.05	7.393E-19
344.10	7.392E-19
344.15	7.395E-19
344.20	7.374E-19
344.25	7.403E-19
344.30	7.372E-19
344.35	7.380E-19
344.40	7.338E-19
344.45	7.337E-19
344.50	7.293E-19
344.55	7.336E-19
344.60	7.298E-19
344.65	7.343E-19
344.70	7.300E-19
344.75	7.291E-19
344.80	7.257E-19
344.85	7.310E-19
344.90	7.229E-19
344.95	7.281E-19
345.00	7.226E-19
345.05	7.240E-19
345.10	7.211E-19
345.15	7.231E-19
345.20	7.196E-19
345.25	7.212E-19
345.30	7.212E-19
345.35	7.180E-19
345.40	7.145E-19
345.45	7.131E-19
345.50	7.185E-19
345.55	7.120E-19
345.60	7.120E-19
345.65	7.061E-19
345.70	7.116E-19
345.75	7.139E-19
345.80	7.116E-19
345.85	7.091E-19
345.90	7.023E-19
345.95	7.054E-19
346.00	7.056E-19
346.05	7.088E-19
346.10	7.011E-19
346.15	7.044E-19
346.20	6.996E-19
346.25	6.988E-19
346.30	6.975E-19
346.35	7.018E-19
346.40	6.955E-19
346.45	6.969E-19
346.50	6.925E-19
346.55	6.932E-19
346.60	6.922E-19
346.65	6.897E-19
346.70	6.898E-19
346.75	6.907E-19
346.80	6.885E-19
346.85	6.884E-19
346.90	6.850E-19
346.95	6.880E-19
347.00	6.789E-19
347.05	6.796E-19
347.10	6.828E-19
347.15	6.795E-19
347.20	6.792E-19
347.25	6.744E-19
347.30	6.780E-19
347.35	6.758E-19
347.40	6.677E-19
347.45	6.727E-19
347.50	6.697E-19
347.55	6.672E-19
347.60	6.642E-19
347.65	6.670E-19
347.70	6.639E-19
347.75	6.627E-19
347.80	6.615E-19
347.85	6.640E-19
347.90	6.630E-19
347.95	6.611E-19
348.00	6.565E-19
348.05	6.515E-19
348.10	6.560E-19
348.15	6.549E-19
348.20	6.533E-19
348.25	6.529E-19
348.30	6.532E-19
348.35	6.529E-19
348.40	6.497E-19
348.45	6.514E-19
348.50	6.534E-19
348.55	6.478E-19
348.60	6.472E-19
348.65	6.490E-19
348.70	6.407E-19
348.75	6.404E-19
348.80	6.402E-19
348.85	6.373E-19
348.90	6.362E-19
348.95	6.359E-19
349.00	6.366E-19
349.05	6.330E-19
349.10	6.296E-19
349.15	6.285E-19
349.20	6.268E-19
349.25	6.247E-19
349.30	6.252E-19
349.35	6.200E-19
349.40	6.203E-19
349.45	6.175E-19
349.50	6.164E-19
349.55	6.131E-19
349.60	6.137E-19
349.65	6.093E-19
349.70	6.082E-19
349.75	6.076E-19
349.80	6.062E-19
349.85	6.047E-19
349.90	6.041E-19
349.95	6.007E-19
350.00	6.013E-19
350.05	5.996E-19
350.10	5.964E-19
350.15	5.978E-19
350.20	5.965E-19
350.25	5.920E-19
350.30	5.952E-19
350.35	5.930E-19
350.40	5.890E-19
350.45	5.896E-19
350.50	5.892E-19
350.55	5.866E-19
350.60	5.848E-19
350.65	5.882E-19
350.70	5.850E-19
350.75	5.812E-19
350.80	5.801E-19
350.85	5.815E-19
350.90	5.760E-19
350.95	5.747E-19
351.00	5.727E-19
351.05	5.723E-19
351.10	5.742E-19
351.15	5.717E-19
351.20	5.735E-19
351.25	5.666E-19
351.30	5.664E-19
351.35	5.654E-19
351.40	5.590E-19
351.45	5.581E-19
351.50	5.579E-19
351.55	5.573E-19
351.60	5.556E-19
351.65	5.520E-19
351.70	5.538E-19
351.75	5.514E-19
351.80	5.480E-19
351.85	5.474E-19
351.90	5.450E-19
351.95	5.430E-19
352.00	5.425E-19
352.05	5.417E-19
352.10	5.389E-19
352.15	5.375E-19
352.20	5.364E-19
352.25	5.357E-19
352.30	5.346E-19
352.35	5.315E-19
352.40	5.296E-19
352.45	5.332E-19
352.50	5.277E-19
352.55	5.277E-19
352.60	5.303E-19
352.65	5.185E-19
352.70	5.213E-19
352.75	5.197E-19
352.80	5.218E-19
352.85	5.125E-19
352.90	5.140E-19
352.95	5.099E-19
353.00	5.112E-19
353.05	5.069E-19
353.10	5.072E-19
353.15	5.071E-19
353.20	5.089E-19
353.25	5.043E-19
353.30	5.029E-19
353.35	5.045E-19
353.40	4.952E-19
353.45	5.029E-19
353.50	4.995E-19
353.55	4.957E-19
353.60	4.965E-19
353.65	4.926E-19
353.70	4.914E-19
353.75	4.962E-19
353.80	4.919E-19
353.85	4.921E-19
353.90	4.874E-19
353.95	4.883E-19
354.00	4.862E-19
354.05	4.867E-19
354.10	4.836E-19
354.15	4.889E-19
354.20	4.861E-19
354.25	4.823E-19
354.30	4.847E-19
354.35	4.826E-19
354.40	4.823E-19
354.45	4.800E-19
354.50	4.773E-19
354.55	4.764E-19
354.60	4.754E-19
354.65	4.788E-19
354.70	4.678E-19
354.75	4.693E-19
354.80	4.682E-19
354.85	4.635E-19
354.90	4.687E-19
354.95	4.573E-19
355.00	4.587E-19
355.05	4.601E-19
355.10	4.579E-19
355.15	4.530E-19
355.20	4.475E-19
355.25	4.460E-19
355.30	4.465E-19
355.35	4.408E-19
355.40	4.449E-19
355.45	4.446E-19
355.50	4.373E-19
355.55	4.429E-19
355.60	4.382E-19
355.65	4.337E-19
355.70	4.319E-19
355.75	4.263E-19
355.80	4.287E-19
355.85	4.293E-19
355.90	4.256E-19
355.95	4.266E-19
356.00	4.203E-19
356.05	4.193E-19
356.10	4.176E-19
356.15	4.159E-19
356.20	4.130E-19
356.25	4.152E-19
356.30	4.139E-19
356.35	4.126E-19
356.40	4.111E-19
356.45	4.121E-19
356.50	4.093E-19
356.55	4.065E-19
356.60	4.026E-19
356.65	4.024E-19
356.70	4.038E-19
356.75	4.025E-19
356.80	4.006E-19
356.85	4.020E-19
356.90	3.966E-19
356.95	3.987E-19
357.00	3.982E-19
357.05	4.020E-19
357.10	3.951E-19
357.15	3.951E-19
357.20	3.933E-19
357.25	3.892E-19
357.30	3.898E-19
357.35	3.930E-19
357.40	3.890E-19
357.45	3.838E-19
357.50	3.808E-19
357.55	3.795E-19
357.60	3.785E-19
357.65	3.828E-19
357.70	3.762E-19
357.75	3.800E-19
357.80	3.746E-19
357.85	3.707E-19
357.90	3.740E-19
357.95	3.691E-19
358.00	3.720E-19
358.05	3.683E-19
358.10	3.637E-19
358.15	3.644E-19
358.20	3.609E-19
358.25	3.589E-19
358.30	3.552E-19
358.35	3.604E-19
358.40	3.538E-19
358.45	3.532E-19
358.50	3.503E-19
358.55	3.504E-19
358.60	3.476E-19
358.65	3.443E-19
358.70	3.392E-19
358.75	3.444E-19
358.80	3.349E-19
358.85	3.387E-19
358.90	3.379E-19
358.95	3.328E-19
359.00	3.350E-19
359.05	3.324E-19
359.10	3.296E-19
359.15	3.311E-19
359.20	3.278E-19
359.25	3.260E-19
359.30	3.265E-19
359.35	3.267E-19
359.40	3.246E-19
359.45	3.204E-19
359.50	3.212E-19
359.55	3.217E-19
359.60	3.241E-19
359.65	3.183E-19
359.70	3.132E-19
359.75	3.111E-19
359.80	3.123E-19
359.85	3.120E-19
359.90	3.080E-19
359.95	3.108E-19
360.00	3.121E-19
360.05	3.083E-19
360.10	3.042E-19
360.15	3.010E-19
360.20	3.004E-19
360.25	3.038E-19
360.30	2.972E-19
360.35	2.958E-19
360.40	2.990E-19
360.45	2.962E-19
360.50	2.952E-19
360.55	2.991E-19
360.60	2.881E-19
360.65	2.913E-19
360.70	2.910E-19
360.75	2.923E-19
360.80	2.901E-19
360.85	2.855E-19
360.90	2.874E-19
360.95	2.845E-19
361.00	2.848E-19
361.05	2.837E-19
361.10	2.817E-19
361.15	2.776E-19
361.20	2.802E-19
361.25	2.803E-19
361.30	2.770E-19
361.35	2.824E-19
361.40	2.763E-19
361.45	2.751E-19
361.50	2.746E-19
361.55	2.697E-19
361.60	2.723E-19
361.65	2.678E-19
361.70	2.685E-19
361.75	2.671E-19
361.80	2.616E-19
361.85	2.624E-19
361.90	2.623E-19
361.95	2.637E-19
362.00	2.598E-19
362.05	2.601E-19
362.10	2.571E-19
362.15	2.547E-19
362.20	2.547E-19
362.25	2.547E-19
362.30	2.509E-19
362.35	2.515E-19
362.40	2.537E-19
362.45	2.509E-19
362.50	2.446E-19
362.55	2.469E-19
362.60	2.438E-19
362.65	2.457E-19
362.70	2.455E-19
362.75	2.460E-19
362.80	2.439E-19
362.85	2.455E-19
362.90	2.369E-19
362.95	2.387E-19
363.00	2.371E-19
363.05	2.372E-19
363.10	2.370E-19
363.15	2.327E-19
363.20	2.337E-19
363.25	2.336E-19
363.30	2.267E-19
363.35	2.240E-19
363.40	2.234E-19
363.45	2.257E-19
363.50	2.252E-19
363.55	2.237E-19
363.60	2.203E-19
363.65	2.246E-19
363.70	2.212E-19
363.75	2.165E-19
363.80	2.138E-19
363.85	2.112E-19
363.90	2.090E-19
363.95	2.093E-19
364.00	2.139E-19
364.05	2.104E-19
364.10	2.107E-19
364.15	2.069E-19
364.20	2.068E-19
364.25	2.039E-19
364.30	2.025E-19
364.35	2.024E-19
364.40	2.026E-19
364.45	2.045E-19
364.50	2.025E-19
364.55	1.999E-19
364.60	2.006E-19
364.65	2.024E-19
364.70	2.011E-19
364.75	2.024E-19
364.80	2.007E-19
364.85	2.027E-19
364.90	1.966E-19
364.95	1.938E-19
365.00	1.933E-19
365.05	1.952E-19
365.10	1.952E-19
365.15	1.947E-19
365.20	1.953E-19
365.25	1.919E-19
365.30	1.955E-19
365.35	1.964E-19
365.40	1.883E-19
365.45	1.910E-19
365.50	1.887E-19
365.55	1.916E-19
365.60	1.812E-19
365.65	1.938E-19
365.70	1.871E-19
365.75	1.835E-19
365.80	1.788E-19
365.85	1.800E-19
365.90	1.811E-19
365.95	1.784E-19
366.00	1.783E-19
366.05	1.741E-19
366.10	1.747E-19
366.15	1.755E-19
366.20	1.726E-19
366.25	1.677E-19
366.30	1.710E-19
366.35	1.675E-19
366.40	1.695E-19
366.45	1.642E-19
366.50	1.630E-19
366.55	1.610E-19
366.60	1.645E-19
366.65	1.606E-19
366.70	1.630E-19
366.75	1.616E-19
366.80	1.580E-19
366.85	1.590E-19
366.90	1.541E-19
366.95	1.594E-19
367.00	1.560E-19
367.05	1.575E-19
367.10	1.536E-19
367.15	1.547E-19
367.20	1.574E-19
367.25	1.535E-19
367.30	1.493E-19
367.35	1.543E-19
367.40	1.555E-19
367.45	1.560E-19
367.50	1.492E-19
367.55	1.485E-19
367.60	1.521E-19
367.65	1.448E-19
367.70	1.461E-19
367.75	1.490E-19
367.80	1.481E-19
367.85	1.456E-19
367.90	1.473E-19
367.95	1.462E-19
368.00	1.416E-19
368.05	1.434E-19
368.10	1.437E-19
368.15	1.396E-19
368.20	1.384E-19
368.25	1.415E-19
368.30	1.352E-19
368.35	1.417E-19
368.40	1.363E-19
368.45	1.306E-19
368.50	1.391E-19
368.55	1.331E-19
368.60	1.351E-19
368.65	1.314E-19
368.70	1.300E-19
368.75	1.319E-19
368.80	1.294E-19
368.85	1.322E-19
368.90	1.253E-19
368.95	1.279E-19
369.00	1.295E-19
369.05	1.244E-19
369.10	1.244E-19
369.15	1.226E-19
369.20	1.222E-19
369.25	1.280E-19
369.30	1.192E-19
369.35	1.243E-19
369.40	1.217E-19
369.45	1.251E-19
369.50	1.214E-19
369.55	1.202E-19
369.60	1.167E-19
369.65	1.181E-19
369.70	1.160E-19
369.75	1.151E-19
369.80	1.179E-19
369.85	1.158E-19
369.90	1.177E-19
369.95	1.175E-19
370.00	1.105E-19
370.05	1.106E-19
370.10	1.159E-19
370.15	1.112E-19
370.20	1.112E-19
370.25	1.136E-19
370.30	1.093E-19
370.35	1.096E-19
370.40	1.076E-19
370.45	1.142E-19
370.50	1.055E-19
370.55	1.050E-19
370.60	1.014E-19
370.65	1.013E-19
370.70	1.059E-19
370.75	1.020E-19
370.80	1.034E-19
370.85	1.023E-19
370.90	9.842E-20
370.95	9.955E-20
371.00	9.675E-20
371.05	9.829E-20
371.10	1.001E-19
371.15	1.002E-19
371.20	9.687E-20
371.25	9.888E-20
371.30	9.612E-20
371.35	9.619E-20
371.40	9.540E-20
371.45	9.891E-20
371.50	9.606E-20
371.55	9.661E-20
371.60	9.386E-20
371.65	9.524E-20
371.70	9.630E-20
371.75	9.656E-20
371.80	9.683E-20
371.85	9.537E-20
371.90	9.284E-20
371.95	9.610E-20
372.00	9.133E-20
372.05	9.460E-20
372.10	9.620E-20
372.15	9.106E-20
372.20	9.174E-20
372.25	9.196E-20
372.30	8.947E-20
372.35	8.434E-20
372.40	9.142E-20
372.45	9.179E-20
372.50	8.905E-20
372.55	9.090E-20
372.60	8.811E-20
372.65	8.724E-20
372.70	8.795E-20
372.75	8.715E-20
372.80	8.376E-20
372.85	8.705E-20
372.90	8.458E-20
372.95	8.377E-20
373.00	8.105E-20
373.05	8.366E-20
373.10	8.161E-20
373.15	8.123E-20
373.20	7.697E-20
373.25	7.744E-20
373.30	7.841E-20
373.35	7.756E-20
373.40	7.347E-20
373.45	8.098E-20
373.50	7.420E-20
373.55	7.088E-20
373.60	7.518E-20
373.65	7.817E-20
373.70	7.679E-20
373.75	7.242E-20
373.80	7.091E-20
373.85	6.974E-20
373.90	7.233E-20
373.95	7.101E-20
374.00	7.400E-20
374.05	7.416E-20
374.10	7.652E-20
374.15	7.083E-20
374.20	6.709E-20
374.25	7.336E-20
374.30	7.315E-20
374.35	7.279E-20
374.40	7.219E-20
374.45	7.045E-20
374.50	6.768E-20
374.55	6.872E-20
374.60	6.616E-20
374.65	6.780E-20
374.70	6.625E-20
374.75	6.517E-20
374.80	6.620E-20
374.85	6.647E-20
374.90	6.173E-20
374.95	6.348E-20
375.00	6.433E-20
375.05	6.284E-20
375.10	6.299E-20
375.15	6.458E-20
375.20	7.015E-20
375.25	6.602E-20
375.30	6.140E-20
375.35	6.190E-20
375.40	6.346E-20
375.45	6.917E-20
375.50	6.311E-20
375.55	6.117E-20
375.60	6.145E-20
375.65	5.841E-20
375.70	5.964E-20
375.75	5.878E-20
375.80	5.844E-20
375.85	6.101E-20
375.90	6.007E-20
375.95	5.809E-20
376.00	5.603E-20
376.05	5.618E-20
376.10	5.755E-20
376.15	5.540E-20
376.20	5.553E-20
376.25	5.496E-20
376.30	5.564E-20
376.35	5.535E-20
376.40	5.703E-20
376.45	5.865E-20
376.50	5.800E-20
376.55	5.607E-20
376.60	5.532E-20
376.65	5.641E-20
376.70	5.444E-20
376.75	5.355E-20
376.80	5.432E-20
376.85	5.383E-20
376.90	5.302E-20
376.95	5.489E-20
377.00	5.345E-20
377.05	5.142E-20
377.10	5.342E-20
377.15	5.064E-20
377.20	5.179E-20
377.25	5.279E-20
377.30	5.147E-20
377.35	5.037E-20
377.40	4.830E-20
377.45	5.037E-20
377.50	4.792E-20
377.55	4.884E-20
377.60	4.668E-20
377.65	4.510E-20
377.70	4.506E-20
377.75	4.532E-20
377.80	4.455E-20
377.85	4.422E-20
377.90	4.434E-20
377.95	4.330E-20
378.00	4.300E-20
378.05	4.460E-20
378.10	4.360E-20
378.15	4.625E-20
378.20	4.642E-20
378.25	4.502E-20
378.30	4.363E-20
378.35	4.274E-20
378.40	4.293E-20
378.45	4.420E-20
378.50	4.046E-20
378.55	4.232E-20
378.60	4.163E-20
378.65	4.186E-20
378.70	3.949E-20
378.75	4.087E-20
378.80	3.883E-20
378.85	4.063E-20
378.90	4.073E-20
378.95	3.925E-20
379.00	4.032E-20
379.05	3.804E-20
379.10	3.936E-20
379.15	3.807E-20
379.20	3.791E-20
379.25	3.978E-20
379.30	3.747E-20
379.35	3.606E-20
379.40	3.572E-20
379.45	3.633E-20
379.50	3.610E-20
379.55	3.624E-20
379.60	3.627E-20
379.65	3.709E-20
379.70	3.723E-20
379.75	3.861E-20
379.80	3.724E-20
379.85	3.553E-20
379.90	3.491E-20
379.95	3.612E-20
380.00	3.532E-20
380.05	3.646E-20
380.10	3.485E-20
380.15	3.538E-20
380.20	3.430E-20
380.25	3.406E-20
380.30	3.323E-20
380.35	3.317E-20
380.40	3.328E-20
380.45	3.412E-20
380.50	3.344E-20
380.55	3.229E-20
380.60	3.363E-20
380.65	3.289E-20
380.70	3.185E-20
380.75	3.221E-20
380.80	3.304E-20
380.85	3.316E-20
380.90	3.170E-20
380.95	3.454E-20
381.00	3.181E-20
381.05	3.183E-20
381.10	3.121E-20
381.15	3.079E-20
381.20	3.023E-20
381.25	3.162E-20
381.30	3.137E-20
381.35	3.055E-20
381.40	2.941E-20
381.45	3.110E-20
381.50	3.062E-20
381.55	3.068E-20
381.60	2.976E-20
381.65	2.904E-20
381.70	2.834E-20
381.75	2.760E-20
381.80	2.974E-20
381.85	2.900E-20
381.90	3.001E-20
381.95	2.746E-20
382.00	2.844E-20
382.05	2.726E-20
382.10	2.872E-20
382.15	2.623E-20
382.20	2.837E-20
382.25	2.929E-20
382.30	2.927E-20
382.35	3.060E-20
382.40	2.907E-20
382.45	3.100E-20
382.50	2.744E-20
382.55	2.626E-20
382.60	2.858E-20
382.65	2.682E-20
382.70	2.525E-20
382.75	2.605E-20
382.80	2.569E-20
382.85	2.706E-20
382.90	2.700E-20
382.95	2.609E-20
383.00	2.564E-20
383.05	2.790E-20
383.10	2.601E-20
383.15	2.649E-20
383.20	2.401E-20
383.25	2.241E-20
383.30	2.581E-20
383.35	2.708E-20
383.40	2.423E-20
383.45	2.469E-20
383.50	2.491E-20
383.55	2.655E-20
383.60	2.405E-20
383.65	2.084E-20
383.70	2.084E-20
383.75	2.096E-20
383.80	2.204E-20
383.85	2.266E-20
383.90	2.053E-20
383.95	2.048E-20
384.00	2.209E-20
384.05	2.389E-20
384.10	2.408E-20
384.15	2.474E-20
384.20	2.215E-20
384.25	2.174E-20
384.30	2.290E-20
384.35	2.078E-20
384.40	1.848E-20
384.45	1.854E-20
384.50	2.122E-20
384.55	2.187E-20
384.60	2.162E-20
384.65	2.274E-20
384.70	1.909E-20
384.75	1.844E-20
384.80	1.872E-20
384.85	2.257E-20
384.90	2.235E-20
384.95	2.249E-20
385.00	2.222E-20
385.05	2.383E-20
385.10	2.391E-20
385.15	2.579E-20
385.20	2.187E-20
385.25	2.290E-20
385.30	2.076E-20
385.35	2.242E-20
385.40	2.109E-20
385.45	2.215E-20
385.50	2.317E-20
385.55	1.981E-20
385.60	1.568E-20
385.65	1.590E-20
385.70	1.456E-20
385.75	2.053E-20
385.80	2.274E-20
385.85	2.098E-20
385.90	2.008E-20
385.95	2.103E-20
386.00	2.038E-20
386.05	2.107E-20
386.10	2.134E-20
386.15	1.989E-20
386.20	2.084E-20
386.25	2.148E-20
386.30	2.314E-20
386.35	2.432E-20
386.40	2.120E-20
386.45	2.217E-20
386.50	2.170E-20
386.55	2.224E-20
386.60	2.054E-20
386.65	1.977E-20
386.70	1.736E-20
386.75	1.891E-20
386.80	1.870E-20
386.85	1.499E-20
386.90	1.457E-20
386.95	1.947E-20
387.00	1.749E-20
387.05	1.695E-20
387.10	1.649E-20
387.15	1.531E-20
387.20	1.572E-20
387.25	1.706E-20
387.30	1.878E-20
387.35	1.626E-20
387.40	1.807E-20
387.45	2.038E-20
387.50	1.994E-20
387.55	1.893E-20
387.60	2.080E-20
387.65	2.016E-20
387.70	1.805E-20
387.75	1.699E-20
387.80	1.690E-20
387.85	1.569E-20
387.90	1.525E-20
387.95	1.677E-20
388.00	1.826E-20
388.05	1.802E-20
388.10	1.667E-20
388.15	1.705E-20
388.20	1.679E-20
388.25	1.667E-20
388.30	1.912E-20
388.35	2.031E-20
388.40	1.901E-20
388.45	1.758E-20
388.50	1.883E-20
388.55	2.018E-20
388.60	1.827E-20
388.65	1.780E-20
388.70	1.390E-20
388.75	1.381E-20
388.80	1.651E-20
388.85	1.703E-20
388.90	1.386E-20
388.95	1.306E-20
389.00	1.297E-20
389.05	1.490E-20
389.10	1.314E-20
389.15	1.581E-20
389.20	1.769E-20
389.25	1.673E-20
389.30	1.866E-20
389.35	1.672E-20
389.40	1.479E-20
389.45	1.449E-20
389.50	1.773E-20
389.55	1.733E-20
389.60	2.008E-20
389.65	1.761E-20
389.70	1.770E-20
389.75	1.770E-20
389.80	1.613E-20
389.85	1.749E-20
389.90	1.307E-20
389.95	1.380E-20
390.00	1.337E-20
