200.2	4.127E-19
200.4	4.131E-19
200.6	4.203E-19
200.8	4.342E-19
201.0	4.558E-19
201.2	4.571E-19
201.4	4.476E-19
201.6	4.402E-19
201.8	4.398E-19
202.0	4.338E-19
202.2	4.206E-19
202.4	4.050E-19
202.6	4.004E-19
202.8	3.957E-19
203.0	3.953E-19
203.2	4.048E-19
203.4	4.136E-19
203.6	4.217E-19
203.8	4.331E-19
204.0	4.494E-19
204.2	4.622E-19
204.4	4.611E-19
204.6	4.587E-19
204.8	4.647E-19
205.0	4.615E-19
205.2	4.507E-19
205.4	4.407E-19
205.6	4.371E-19
205.8	4.273E-19
206.0	4.238E-19
206.2	4.225E-19
206.4	4.204E-19
206.6	4.126E-19
206.8	4.131E-19
207.0	4.202E-19
207.2	4.338E-19
207.4	4.435E-19
207.6	4.498E-19
207.8	4.682E-19
208.0	4.894E-19
208.2	5.059E-19
208.4	5.082E-19
208.6	5.027E-19
208.8	4.939E-19
209.0	4.885E-19
209.2	4.793E-19
209.4	4.638E-19
209.6	4.493E-19
209.8	4.448E-19
210.0	4.399E-19
210.2	4.299E-19
210.4	4.206E-19
210.6	4.222E-19
210.8	4.323E-19
211.0	4.377E-19
211.2	4.500E-19
211.4	4.705E-19
211.6	4.890E-19
211.8	5.023E-19
212.0	5.142E-19
212.2	5.225E-19
212.4	5.314E-19
212.6	5.467E-19
212.8	5.546E-19
213.0	5.381E-19
213.2	5.200E-19
213.4	5.054E-19
213.6	4.961E-19
213.8	4.845E-19
214.0	4.682E-19
214.2	4.557E-19
214.4	4.495E-19
214.6	4.457E-19
214.8	4.412E-19
215.0	4.365E-19
215.2	4.368E-19
215.4	4.451E-19
215.6	4.635E-19
215.8	4.877E-19
216.0	5.040E-19
216.2	5.190E-19
216.4	5.259E-19
216.6	5.317E-19
216.8	5.416E-19
217.0	5.434E-19
217.2	5.317E-19
217.4	5.179E-19
217.6	5.072E-19
217.8	4.895E-19
218.0	4.694E-19
218.2	4.523E-19
218.4	4.467E-19
218.6	4.441E-19
218.8	4.346E-19
219.0	4.197E-19
219.2	4.085E-19
219.4	3.966E-19
219.6	3.956E-19
219.8	3.992E-19
220.0	4.127E-19
220.2	4.242E-19
220.4	4.443E-19
220.6	4.702E-19
220.8	4.902E-19
221.0	5.006E-19
221.2	5.027E-19
221.4	5.042E-19
221.6	4.991E-19
221.8	4.934E-19
222.0	4.840E-19
222.2	4.650E-19
222.4	4.444E-19
222.6	4.222E-19
222.8	4.044E-19
223.0	3.848E-19
223.2	3.651E-19
223.4	3.517E-19
223.6	3.507E-19
223.8	3.531E-19
224.0	3.568E-19
224.2	3.576E-19
224.4	3.547E-19
224.6	3.458E-19
224.8	3.342E-19
225.0	3.303E-19
225.2	3.330E-19
225.4	3.468E-19
225.6	3.729E-19
225.8	4.046E-19
226.0	4.425E-19
226.2	4.678E-19
226.4	4.644E-19
226.6	4.500E-19
226.8	4.188E-19
227.0	3.809E-19
227.2	3.475E-19
227.4	3.181E-19
227.6	2.959E-19
227.8	2.880E-19
228.0	2.960E-19
228.2	2.974E-19
228.4	2.963E-19
228.6	2.905E-19
228.8	2.785E-19
229.0	2.620E-19
229.2	2.460E-19
229.4	2.306E-19
229.6	2.210E-19
229.8	2.266E-19
230.0	2.417E-19
230.2	2.564E-19
230.4	2.715E-19
230.6	2.811E-19
230.8	2.947E-19
231.0	3.067E-19
231.2	3.068E-19
231.4	2.984E-19
231.6	2.881E-19
231.8	2.739E-19
232.0	2.635E-19
232.2	2.620E-19
232.4	2.706E-19
232.6	2.771E-19
232.8	2.672E-19
233.0	2.434E-19
233.2	2.130E-19
233.4	1.811E-19
233.6	1.561E-19
233.8	1.388E-19
234.0	1.299E-19
234.2	1.202E-19
234.4	1.118E-19
234.6	1.104E-19
234.8	1.194E-19
235.0	1.479E-19
235.2	1.817E-19
235.4	2.054E-19
235.6	1.917E-19
235.8	1.623E-19
236.0	1.401E-19
236.2	1.354E-19
236.4	1.505E-19
236.6	1.520E-19
236.8	1.477E-19
237.0	1.504E-19
237.2	1.608E-19
237.4	1.726E-19
237.6	1.777E-19
237.8	1.666E-19
238.0	1.500E-19
238.2	1.303E-19
238.4	1.064E-19
238.6	8.976E-20
238.8	8.202E-20
239.0	9.791E-20
239.2	1.261E-19
239.4	1.272E-19
239.6	1.079E-19
239.8	8.905E-20
240.0	7.506E-20
240.2	6.291E-20
240.4	5.697E-20
240.6	4.867E-20
240.8	4.386E-20
241.0	3.867E-20
241.2	3.758E-20
241.4	3.404E-20
241.6	3.503E-20
241.8	4.749E-20
242.0	9.407E-20
242.2	1.496E-19
242.4	1.506E-19
242.6	1.197E-19
242.8	9.125E-20
243.0	7.730E-20
243.2	7.532E-20
243.4	6.596E-20
243.6	5.297E-20
243.8	4.307E-20
244.0	3.969E-20
244.2	3.303E-20
244.4	3.312E-20
244.6	4.004E-20
244.8	5.789E-20
245.0	5.760E-20
245.2	4.386E-20
245.4	3.236E-20
245.6	2.763E-20
245.8	3.148E-20
246.0	5.179E-20
246.2	4.687E-20
246.4	3.631E-20
246.6	2.892E-20
246.8	2.689E-20
247.0	2.364E-20
247.2	2.059E-20
247.4	2.101E-20
247.6	1.950E-20
247.8	1.968E-20
248.0	1.879E-20
248.2	1.788E-20
248.4	1.523E-20
248.6	1.612E-20
248.8	1.796E-20
249.0	2.534E-20
249.2	6.016E-20
249.4	5.728E-20
249.6	4.403E-20
249.8	3.349E-20
250.0	2.973E-20
250.2	2.441E-20
250.4	2.434E-20
250.6	2.061E-20
250.8	2.162E-20
251.0	2.157E-20
251.2	1.932E-20
251.4	1.899E-20
251.6	1.820E-20
251.8	1.802E-20
252.0	1.955E-20
252.2	1.779E-20
252.4	1.882E-20
252.6	1.769E-20
252.8	1.681E-20
253.0	1.920E-20
253.2	1.821E-20
253.4	1.954E-20
253.6	1.989E-20
253.8	1.844E-20
254.0	1.858E-20
254.2	1.850E-20
254.4	1.857E-20
254.6	1.898E-20
254.8	1.761E-20
255.0	1.950E-20
255.2	2.154E-20
255.4	2.086E-20
255.6	1.976E-20
255.8	2.240E-20
256.0	2.109E-20
256.2	2.075E-20
256.4	1.827E-20
256.6	2.004E-20
256.8	1.961E-20
257.0	1.936E-20
257.2	2.061E-20
257.4	2.093E-20
257.6	2.115E-20
257.8	2.433E-20
258.0	2.233E-20
258.2	2.011E-20
258.4	2.174E-20
258.6	2.002E-20
258.8	2.083E-20
259.0	2.053E-20
259.2	2.282E-20
259.4	2.212E-20
259.6	2.274E-20
259.8	2.200E-20
260.0	2.233E-20
260.2	2.217E-20
260.4	2.243E-20
260.6	2.156E-20
260.8	2.384E-20
261.0	2.260E-20
261.2	2.358E-20
261.4	2.280E-20
261.6	2.290E-20
261.8	2.395E-20
262.0	2.236E-20
262.2	2.473E-20
262.4	2.276E-20
262.6	2.533E-20
262.8	2.618E-20
263.0	2.655E-20
263.2	2.754E-20
263.4	2.589E-20
263.6	2.556E-20
263.8	2.720E-20
264.0	2.547E-20
264.2	2.647E-20
264.4	2.742E-20
264.6	2.657E-20
264.8	2.694E-20
265.0	2.922E-20
265.2	2.890E-20
265.4	2.745E-20
265.6	2.772E-20
265.8	2.695E-20
266.0	2.595E-20
266.2	2.791E-20
266.4	2.716E-20
266.6	2.633E-20
266.8	2.820E-20
267.0	2.870E-20
267.2	2.924E-20
267.4	3.150E-20
267.6	2.928E-20
267.8	3.033E-20
268.0	3.152E-20
268.2	2.941E-20
268.4	3.206E-20
268.6	3.264E-20
268.8	3.422E-20
269.0	3.452E-20
269.2	3.622E-20
269.4	3.645E-20
269.6	3.523E-20
269.8	3.643E-20
270.0	3.588E-20
270.2	3.485E-20
270.4	3.576E-20
270.6	3.490E-20
270.8	3.533E-20
271.0	3.532E-20
271.2	3.507E-20
271.4	3.603E-20
271.6	3.512E-20
271.8	3.300E-20
272.0	3.597E-20
272.2	3.690E-20
272.4	3.862E-20
272.6	3.948E-20
272.8	3.955E-20
273.0	4.181E-20
273.2	4.188E-20
273.4	3.990E-20
273.6	4.206E-20
273.8	4.259E-20
274.0	4.306E-20
274.2	4.627E-20
274.4	4.518E-20
274.6	4.506E-20
274.8	4.464E-20
275.0	4.337E-20
275.2	4.483E-20
275.4	4.557E-20
275.6	4.632E-20
275.8	4.323E-20
276.0	4.470E-20
276.2	4.488E-20
276.4	4.584E-20
276.6	4.603E-20
276.8	4.604E-20
277.0	4.658E-20
277.2	4.632E-20
277.4	4.845E-20
277.6	4.993E-20
277.8	5.018E-20
278.0	4.967E-20
278.2	4.839E-20
278.4	5.031E-20
278.6	5.183E-20
278.8	5.355E-20
279.0	5.588E-20
279.2	5.562E-20
279.4	5.743E-20
279.6	5.960E-20
279.8	5.667E-20
280.0	5.653E-20
280.2	5.784E-20
280.4	5.527E-20
280.6	5.891E-20
280.8	5.814E-20
281.0	5.955E-20
281.2	6.067E-20
281.4	6.139E-20
281.6	6.079E-20
281.8	5.970E-20
282.0	5.868E-20
282.2	5.727E-20
282.4	5.672E-20
282.6	5.616E-20
282.8	5.722E-20
283.0	5.938E-20
283.2	6.131E-20
283.4	6.174E-20
283.6	6.334E-20
283.8	6.724E-20
284.0	6.823E-20
284.2	6.802E-20
284.4	6.955E-20
284.6	6.953E-20
284.8	7.260E-20
285.0	7.051E-20
285.2	7.389E-20
285.4	7.322E-20
285.6	7.583E-20
285.8	7.584E-20
286.0	7.854E-20
286.2	7.667E-20
286.4	7.892E-20
286.6	7.595E-20
286.8	7.389E-20
287.0	7.452E-20
287.2	7.216E-20
287.4	7.426E-20
287.6	7.494E-20
287.8	7.504E-20
288.0	7.583E-20
288.2	7.772E-20
288.4	7.712E-20
288.6	7.797E-20
288.8	7.863E-20
289.0	8.161E-20
289.2	8.229E-20
289.4	8.185E-20
289.6	8.446E-20
289.8	8.534E-20
290.0	8.763E-20
290.2	8.718E-20
290.4	8.565E-20
290.6	8.786E-20
290.8	8.684E-20
291.0	9.016E-20
291.2	9.273E-20
291.4	9.463E-20
291.6	9.895E-20
291.8	1.005E-19
292.0	9.984E-20
292.2	1.020E-19
292.4	1.039E-19
292.6	1.032E-19
292.8	1.040E-19
293.0	1.001E-19
293.2	9.555E-20
293.4	9.331E-20
293.6	9.424E-20
293.8	9.467E-20
294.0	9.516E-20
294.2	9.585E-20
294.4	1.011E-19
294.6	1.034E-19
294.8	1.063E-19
295.0	1.062E-19
295.2	1.030E-19
295.4	9.922E-20
295.6	9.857E-20
295.8	9.804E-20
296.0	1.011E-19
296.2	1.073E-19
296.4	1.096E-19
296.6	1.172E-19
296.8	1.204E-19
297.0	1.237E-19
297.2	1.290E-19
297.4	1.309E-19
297.6	1.326E-19
297.8	1.318E-19
298.0	1.259E-19
298.2	1.222E-19
298.4	1.233E-19
298.6	1.204E-19
298.8	1.216E-19
299.0	1.234E-19
299.2	1.231E-19
299.4	1.259E-19
299.6	1.288E-19
299.8	1.269E-19
300.0	1.272E-19
300.2	1.221E-19
300.4	1.216E-19
300.6	1.211E-19
300.8	1.227E-19
301.0	1.236E-19
301.2	1.231E-19
301.4	1.246E-19
301.6	1.290E-19
301.8	1.350E-19
302.0	1.362E-19
302.2	1.435E-19
302.4	1.424E-19
302.6	1.412E-19
302.8	1.468E-19
303.0	1.511E-19
303.2	1.546E-19
303.4	1.527E-19
303.6	1.519E-19
303.8	1.534E-19
304.0	1.492E-19
304.2	1.517E-19
304.4	1.549E-19
304.6	1.542E-19
304.8	1.577E-19
305.0	1.576E-19
305.2	1.578E-19
305.4	1.556E-19
305.6	1.539E-19
305.8	1.526E-19
306.0	1.534E-19
306.2	1.516E-19
306.4	1.572E-19
306.6	1.605E-19
306.8	1.615E-19
307.0	1.666E-19
307.2	1.665E-19
307.4	1.680E-19
307.6	1.651E-19
307.8	1.644E-19
308.0	1.598E-19
308.2	1.594E-19
308.4	1.608E-19
308.6	1.670E-19
308.8	1.726E-19
309.0	1.792E-19
309.2	1.856E-19
309.4	1.885E-19
309.6	1.872E-19
309.8	1.811E-19
310.0	1.829E-19
310.2	1.842E-19
310.4	1.823E-19
310.6	1.860E-19
310.8	1.900E-19
311.0	1.892E-19
311.2	1.904E-19
311.4	1.882E-19
311.6	1.908E-19
311.8	1.883E-19
312.0	1.945E-19
312.2	2.026E-19
312.4	2.060E-19
312.6	2.061E-19
312.8	2.003E-19
313.0	2.002E-19
313.2	1.995E-19
313.4	1.921E-19
313.6	1.941E-19
313.8	1.920E-19
314.0	1.944E-19
314.2	2.004E-19
314.4	2.062E-19
314.6	2.062E-19
314.8	2.183E-19
315.0	2.233E-19
315.2	2.197E-19
315.4	2.163E-19
315.6	2.125E-19
315.8	2.056E-19
316.0	2.122E-19
316.2	2.133E-19
316.4	2.126E-19
316.6	2.147E-19
316.8	2.191E-19
317.0	2.280E-19
317.2	2.298E-19
317.4	2.390E-19
317.6	2.435E-19
317.8	2.428E-19
318.0	2.431E-19
318.2	2.418E-19
318.4	2.384E-19
318.6	2.339E-19
318.8	2.373E-19
319.0	2.309E-19
319.2	2.344E-19
319.4	2.349E-19
319.6	2.443E-19
319.8	2.489E-19
320.0	2.531E-19
320.2	2.557E-19
320.4	2.587E-19
320.6	2.556E-19
320.8	2.468E-19
321.0	2.443E-19
321.2	2.424E-19
321.4	2.417E-19
321.6	2.485E-19
321.8	2.504E-19
322.0	2.512E-19
322.2	2.560E-19
322.4	2.597E-19
322.6	2.637E-19
322.8	2.674E-19
323.0	2.680E-19
323.2	2.682E-19
323.4	2.662E-19
323.6	2.638E-19
323.8	2.660E-19
324.0	2.589E-19
324.2	2.619E-19
324.4	2.623E-19
324.6	2.647E-19
324.8	2.669E-19
325.0	2.878E-19
325.2	2.768E-19
325.4	2.794E-19
325.6	2.799E-19
325.8	2.754E-19
326.0	2.766E-19
326.2	2.885E-19
326.4	2.889E-19
326.6	2.783E-19
326.8	2.830E-19
327.0	2.801E-19
327.2	2.868E-19
327.4	2.804E-19
327.6	2.889E-19
327.8	2.955E-19
328.0	2.819E-19
328.2	2.946E-19
328.4	2.775E-19
328.6	2.863E-19
328.8	2.880E-19
329.0	2.984E-19
329.2	3.076E-19
329.4	3.164E-19
329.6	3.098E-19
329.8	3.127E-19
330.0	3.037E-19
330.2	2.971E-19
330.4	2.930E-19
330.6	2.930E-19
330.8	2.960E-19
331.0	3.052E-19
331.2	3.022E-19
331.4	3.092E-19
331.6	3.010E-19
331.8	2.984E-19
332.0	3.070E-19
332.2	3.167E-19
332.4	3.429E-19
332.6	3.566E-19
332.8	3.629E-19
333.0	3.580E-19
333.2	3.497E-19
333.4	3.288E-19
333.6	3.254E-19
333.8	3.176E-19
334.0	3.048E-19
334.2	3.029E-19
334.4	3.198E-19
334.6	3.215E-19
334.8	3.480E-19
335.0	3.471E-19
335.2	3.336E-19
335.4	3.228E-19
335.6	3.279E-19
335.8	3.293E-19
336.0	3.394E-19
336.2	3.446E-19
336.4	3.449E-19
336.6	3.414E-19
336.8	3.429E-19
337.0	3.328E-19
337.2	3.304E-19
337.4	3.180E-19
337.6	3.173E-19
337.8	3.204E-19
338.0	3.401E-19
338.2	3.651E-19
338.4	3.875E-19
338.6	3.877E-19
338.8	3.874E-19
339.0	3.821E-19
339.2	3.848E-19
339.4	3.673E-19
339.6	3.692E-19
339.8	3.674E-19
340.0	3.670E-19
340.2	3.746E-19
340.4	3.758E-19
340.6	3.892E-19
340.8	4.037E-19
341.0	4.104E-19
341.2	4.065E-19
341.4	4.011E-19
341.6	3.943E-19
341.8	3.860E-19
342.0	3.751E-19
342.2	3.569E-19
342.4	3.523E-19
342.6	3.476E-19
342.8	3.435E-19
343.0	3.449E-19
343.2	3.615E-19
343.4	3.745E-19
343.6	3.768E-19
343.8	3.800E-19
344.0	3.723E-19
344.2	3.708E-19
344.4	3.793E-19
344.6	3.808E-19
344.8	3.832E-19
345.0	3.953E-19
345.2	3.880E-19
345.4	3.853E-19
345.6	3.930E-19
345.8	4.026E-19
346.0	4.174E-19
346.2	4.219E-19
346.4	4.210E-19
346.6	4.317E-19
346.8	4.256E-19
347.0	4.117E-19
347.2	4.096E-19
347.4	4.065E-19
347.6	4.130E-19
347.8	4.249E-19
348.0	4.613E-19
348.2	4.929E-19
348.4	4.940E-19
348.6	4.754E-19
348.8	4.511E-19
349.0	4.183E-19
349.2	3.984E-19
349.4	3.819E-19
349.6	3.841E-19
349.8	3.836E-19
350.0	3.907E-19
350.2	3.971E-19
350.4	4.165E-19
350.6	4.233E-19
350.8	4.279E-19
351.0	4.421E-19
351.2	4.404E-19
351.4	4.249E-19
351.6	4.093E-19
351.8	4.019E-19
352.0	4.118E-19
352.2	4.261E-19
352.4	4.139E-19
352.6	4.015E-19
352.8	3.795E-19
353.0	3.792E-19
353.2	3.929E-19
353.4	4.106E-19
353.6	4.322E-19
353.8	4.594E-19
354.0	4.886E-19
354.2	5.123E-19
354.4	5.113E-19
354.6	5.041E-19
354.8	4.870E-19
355.0	4.687E-19
355.2	4.496E-19
355.4	4.401E-19
355.6	4.288E-19
355.8	4.217E-19
356.0	4.280E-19
356.2	4.409E-19
356.4	4.560E-19
356.6	4.779E-19
356.8	5.006E-19
357.0	5.193E-19
357.2	5.204E-19
357.4	5.146E-19
357.6	4.910E-19
357.8	4.862E-19
358.0	4.787E-19
358.2	4.635E-19
358.4	4.513E-19
358.6	4.422E-19
358.8	4.282E-19
359.0	4.301E-19
359.2	4.278E-19
359.4	4.286E-19
359.6	4.277E-19
359.8	4.253E-19
360.0	4.336E-19
360.2	4.471E-19
360.4	4.679E-19
360.6	4.859E-19
360.8	4.969E-19
361.0	4.893E-19
361.2	4.852E-19
361.4	4.765E-19
361.6	4.668E-19
361.8	4.677E-19
362.0	4.696E-19
362.2	4.749E-19
362.4	4.772E-19
362.6	4.773E-19
362.8	4.804E-19
363.0	4.734E-19
363.2	4.727E-19
363.4	4.645E-19
363.6	4.548E-19
363.8	4.532E-19
364.0	4.712E-19
364.2	4.798E-19
364.4	4.951E-19
364.6	5.139E-19
364.8	5.281E-19
365.0	5.483E-19
365.2	5.592E-19
365.4	5.554E-19
365.6	5.419E-19
365.8	5.265E-19
366.0	4.985E-19
366.2	4.725E-19
366.4	4.604E-19
366.6	4.650E-19
366.8	4.781E-19
367.0	4.959E-19
367.2	5.131E-19
367.4	5.128E-19
367.6	5.094E-19
367.8	5.124E-19
368.0	5.065E-19
368.2	4.977E-19
368.4	4.906E-19
368.6	4.819E-19
368.8	4.888E-19
369.0	4.917E-19
369.2	5.002E-19
369.4	4.980E-19
369.6	4.850E-19
369.8	4.943E-19
370.0	5.005E-19
370.2	4.951E-19
370.4	4.814E-19
370.6	4.690E-19
370.8	4.656E-19
371.0	4.850E-19
371.2	4.947E-19
371.4	5.156E-19
371.6	5.428E-19
371.8	5.591E-19
372.0	5.590E-19
372.2	5.619E-19
372.4	5.584E-19
372.6	5.410E-19
372.8	5.234E-19
373.0	5.092E-19
373.2	5.024E-19
373.4	4.938E-19
373.6	4.992E-19
373.8	5.095E-19
374.0	5.055E-19
374.2	4.907E-19
374.4	4.744E-19
374.6	4.782E-19
374.8	4.869E-19
375.0	5.126E-19
375.2	5.373E-19
375.4	5.502E-19
375.6	5.536E-19
375.8	5.599E-19
376.0	5.930E-19
376.2	6.052E-19
376.4	5.970E-19
376.6	5.754E-19
376.8	5.427E-19
377.0	5.209E-19
377.2	4.982E-19
377.4	4.849E-19
377.6	4.828E-19
377.8	4.906E-19
378.0	4.810E-19
378.2	4.810E-19
378.4	4.921E-19
378.6	4.941E-19
378.8	5.048E-19
379.0	5.132E-19
379.2	5.392E-19
379.4	5.726E-19
379.6	5.900E-19
379.8	5.883E-19
380.0	5.761E-19
380.2	5.717E-19
380.4	5.681E-19
380.6	5.680E-19
380.8	5.538E-19
381.0	5.432E-19
381.2	5.438E-19
381.4	5.357E-19
381.6	5.423E-19
381.8	5.324E-19
382.0	5.413E-19
382.2	5.223E-19
382.4	4.973E-19
382.6	5.045E-19
382.8	5.076E-19
383.0	5.111E-19
383.2	5.232E-19
383.4	5.195E-19
383.6	5.328E-19
383.8	5.598E-19
384.0	5.521E-19
384.2	5.515E-19
384.4	5.686E-19
384.6	5.799E-19
384.8	5.742E-19
385.0	5.525E-19
385.2	5.463E-19
385.4	5.480E-19
385.6	5.715E-19
385.8	5.491E-19
386.0	5.234E-19
386.2	5.120E-19
386.4	5.064E-19
386.6	5.179E-19
386.8	5.357E-19
387.0	5.500E-19
387.2	5.546E-19
387.4	5.611E-19
387.6	5.606E-19
387.8	5.662E-19
388.0	5.521E-19
388.2	5.435E-19
388.4	5.394E-19
388.6	5.461E-19
388.8	5.577E-19
389.0	5.811E-19
389.2	5.797E-19
389.4	5.653E-19
389.6	5.483E-19
389.8	5.596E-19
390.0	5.602E-19
390.2	5.713E-19
390.4	5.607E-19
390.6	5.516E-19
390.8	5.485E-19
391.0	5.585E-19
391.2	5.536E-19
391.4	5.789E-19
391.6	6.189E-19
391.8	6.129E-19
392.0	5.729E-19
392.2	5.643E-19
392.4	5.649E-19
392.6	5.652E-19
392.8	5.500E-19
393.0	5.152E-19
393.2	4.989E-19
393.4	5.114E-19
393.6	5.230E-19
393.8	5.227E-19
394.0	5.207E-19
394.2	5.091E-19
394.4	5.067E-19
394.6	5.053E-19
394.8	5.313E-19
395.0	5.492E-19
395.2	5.807E-19
395.4	5.963E-19
395.6	5.873E-19
395.8	6.004E-19
396.0	5.689E-19
396.2	5.475E-19
396.4	5.254E-19
396.6	5.157E-19
396.8	5.200E-19
397.0	5.182E-19
397.2	5.092E-19
397.4	5.161E-19
397.6	5.551E-19
397.8	5.961E-19
398.0	6.106E-19
398.2	6.249E-19
398.4	6.361E-19
398.6	5.970E-19
398.8	5.411E-19
399.0	5.231E-19
399.2	5.249E-19
399.4	5.532E-19
399.6	5.753E-19
399.8	6.085E-19
400.0	6.313E-19
400.2	6.237E-19
400.4	6.236E-19
400.6	6.063E-19
400.8	6.104E-19
401.0	6.045E-19
401.2	5.912E-19
401.4	5.783E-19
401.6	5.710E-19
401.8	5.556E-19
402.0	5.334E-19
402.2	5.128E-19
402.4	5.080E-19
402.6	4.978E-19
402.8	5.056E-19
403.0	4.971E-19
403.2	4.971E-19
403.4	5.110E-19
403.6	5.270E-19
403.8	5.693E-19
404.0	5.689E-19
404.2	5.536E-19
404.4	5.388E-19
404.6	5.504E-19
404.8	5.900E-19
405.0	6.011E-19
405.2	6.287E-19
405.4	5.734E-19
405.6	5.344E-19
405.8	5.215E-19
406.0	5.217E-19
406.2	5.299E-19
406.4	4.956E-19
406.6	4.676E-19
406.8	4.601E-19
407.0	4.586E-19
407.2	4.600E-19
407.4	4.725E-19
407.6	5.045E-19
407.8	5.517E-19
408.0	5.752E-19
408.2	6.464E-19
408.4	6.621E-19
408.6	6.271E-19
408.8	5.938E-19
409.0	5.807E-19
409.2	5.632E-19
409.4	5.905E-19
409.6	5.831E-19
409.8	5.468E-19
410.0	5.495E-19
410.2	6.111E-19
410.4	6.361E-19
410.6	6.148E-19
410.8	5.959E-19
411.0	5.610E-19
411.2	5.262E-19
411.4	5.018E-19
411.6	4.860E-19
411.8	4.989E-19
412.0	4.942E-19
412.2	4.883E-19
412.4	5.017E-19
412.6	5.489E-19
412.8	5.712E-19
413.0	6.212E-19
413.2	6.518E-19
413.4	7.003E-19
413.6	6.911E-19
413.8	6.288E-19
414.0	5.566E-19
414.2	5.149E-19
414.4	5.080E-19
414.6	5.382E-19
414.8	5.350E-19
415.0	5.408E-19
415.2	5.396E-19
415.4	4.983E-19
415.6	4.616E-19
415.8	4.500E-19
416.0	4.575E-19
416.2	4.570E-19
416.4	4.590E-19
416.6	4.586E-19
416.8	4.578E-19
417.0	4.647E-19
417.2	4.935E-19
417.4	5.125E-19
417.6	4.912E-19
417.8	5.098E-19
418.0	5.132E-19
418.2	5.209E-19
418.4	5.234E-19
418.6	5.433E-19
418.8	5.261E-19
419.0	4.948E-19
419.2	4.993E-19
419.4	5.448E-19
419.6	5.464E-19
419.8	5.648E-19
420.0	5.536E-19
420.2	5.368E-19
420.4	5.587E-19
420.6	5.509E-19
420.8	5.444E-19
421.0	5.747E-19
421.2	5.639E-19
421.4	5.354E-19
421.6	5.176E-19
421.8	5.323E-19
422.0	5.752E-19
422.2	5.872E-19
422.4	5.610E-19
422.6	5.625E-19
422.8	5.498E-19
423.0	5.401E-19
423.2	5.277E-19
423.4	5.528E-19
423.6	5.797E-19
423.8	5.850E-19
424.0	6.143E-19
424.2	6.336E-19
424.4	6.470E-19
424.6	6.646E-19
424.8	6.419E-19
425.0	5.699E-19
425.2	5.254E-19
425.4	5.161E-19
425.6	4.834E-19
425.8	4.613E-19
426.0	4.432E-19
426.2	4.506E-19
426.4	4.458E-19
426.6	4.388E-19
426.8	4.965E-19
427.0	5.436E-19
427.2	5.865E-19
427.4	5.923E-19
427.6	5.898E-19
427.8	5.990E-19
428.0	6.074E-19
428.2	5.821E-19
428.4	5.516E-19
428.6	5.153E-19
428.8	5.116E-19
429.0	4.668E-19
429.2	4.520E-19
429.4	4.310E-19
429.6	4.254E-19
429.8	4.383E-19
430.0	4.915E-19
430.2	5.372E-19
430.4	5.929E-19
430.6	5.918E-19
430.8	6.179E-19
431.0	5.835E-19
431.2	5.812E-19
431.4	5.692E-19
431.6	5.447E-19
431.8	5.172E-19
432.0	4.770E-19
432.2	4.613E-19
432.4	4.369E-19
432.6	4.446E-19
432.8	4.657E-19
433.0	4.995E-19
433.2	5.199E-19
433.4	5.532E-19
433.6	5.681E-19
433.8	5.790E-19
434.0	5.720E-19
434.2	5.327E-19
434.4	5.371E-19
434.6	5.788E-19
434.8	6.769E-19
435.0	7.128E-19
435.2	6.969E-19
435.4	6.184E-19
435.6	5.985E-19
435.8	5.916E-19
436.0	5.626E-19
436.2	5.548E-19
436.4	5.383E-19
436.6	5.143E-19
436.8	5.018E-19
437.0	4.589E-19
437.2	4.298E-19
437.4	4.179E-19
437.6	4.048E-19
437.8	4.040E-19
438.0	3.907E-19
438.2	3.983E-19
438.4	4.333E-19
438.6	5.429E-19
438.8	6.141E-19
439.0	6.742E-19
439.2	6.495E-19
439.4	6.979E-19
439.6	6.508E-19
439.8	5.910E-19
440.0	5.874E-19
440.2	5.789E-19
440.4	5.161E-19
440.6	4.454E-19
440.8	4.350E-19
441.0	4.253E-19
441.2	4.331E-19
441.4	4.076E-19
441.6	3.811E-19
441.8	3.762E-19
442.0	3.568E-19
442.2	3.705E-19
442.4	3.954E-19
442.6	3.864E-19
442.8	3.964E-19
443.0	4.200E-19
443.2	4.267E-19
443.4	4.252E-19
443.6	4.446E-19
443.8	4.539E-19
444.0	4.479E-19
444.2	4.570E-19
444.4	5.022E-19
444.6	5.374E-19
444.8	5.936E-19
445.0	6.566E-19
445.2	6.657E-19
445.4	6.080E-19
445.6	5.553E-19
445.8	5.311E-19
446.0	5.084E-19
446.2	4.811E-19
446.4	4.756E-19
446.6	4.439E-19
446.8	4.085E-19
447.0	4.014E-19
447.2	4.088E-19
447.4	4.322E-19
447.6	4.498E-19
447.8	4.971E-19
448.0	5.853E-19
448.2	6.582E-19
448.4	7.266E-19
448.6	7.120E-19
448.8	6.366E-19
449.0	5.341E-19
449.2	5.277E-19
449.4	4.908E-19
449.6	4.667E-19
449.8	4.490E-19
450.0	4.222E-19
450.2	3.993E-19
450.4	3.939E-19
450.6	4.201E-19
450.8	4.545E-19
451.0	4.528E-19
451.2	4.617E-19
451.4	4.408E-19
451.6	4.355E-19
451.8	4.272E-19
452.0	4.061E-19
452.2	4.393E-19
452.4	4.641E-19
452.6	4.595E-19
452.8	4.471E-19
453.0	4.708E-19
453.2	4.699E-19
453.4	4.303E-19
453.6	4.315E-19
453.8	4.612E-19
454.0	4.455E-19
454.2	4.043E-19
454.4	3.802E-19
454.6	3.685E-19
454.8	3.724E-19
455.0	4.182E-19
455.2	4.657E-19
455.4	4.472E-19
455.6	4.488E-19
455.8	4.260E-19
456.0	4.133E-19
456.2	4.001E-19
456.4	4.268E-19
456.6	4.283E-19
456.8	3.996E-19
457.0	3.708E-19
457.2	3.328E-19
457.4	3.411E-19
457.6	3.684E-19
457.8	4.141E-19
458.0	4.752E-19
458.2	4.846E-19
458.4	5.023E-19
458.6	5.098E-19
458.8	4.602E-19
459.0	4.812E-19
459.2	4.599E-19
459.4	4.285E-19
459.6	3.758E-19
459.8	3.945E-19
460.0	4.157E-19
460.2	4.167E-19
460.4	4.124E-19
460.6	4.309E-19
460.8	4.502E-19
461.0	4.756E-19
461.2	5.018E-19
461.4	4.601E-19
461.6	4.408E-19
461.8	4.335E-19
462.0	4.191E-19
462.2	3.969E-19
462.4	3.715E-19
462.6	3.624E-19
462.8	3.722E-19
463.0	3.738E-19
463.2	3.989E-19
463.4	4.641E-19
463.6	5.651E-19
463.8	5.428E-19
464.0	5.524E-19
464.2	5.342E-19
464.4	4.817E-19
464.6	4.522E-19
464.8	4.345E-19
465.0	4.335E-19
465.2	4.169E-19
465.4	3.908E-19
465.6	3.734E-19
465.8	3.485E-19
466.0	3.118E-19
466.2	2.878E-19
466.4	2.833E-19
466.6	2.876E-19
466.8	2.993E-19
467.0	3.407E-19
467.2	3.826E-19
467.4	4.183E-19
467.6	4.509E-19
467.8	4.206E-19
468.0	4.009E-19
468.2	3.943E-19
468.4	4.113E-19
468.6	4.170E-19
468.8	3.896E-19
469.0	3.399E-19
469.2	3.450E-19
469.4	3.395E-19
469.6	3.280E-19
469.8	3.035E-19
470.0	3.275E-19
470.2	3.296E-19
470.4	3.499E-19
470.6	3.388E-19
470.8	3.284E-19
471.0	3.238E-19
471.2	3.160E-19
471.4	3.098E-19
471.6	3.056E-19
471.8	3.054E-19
472.0	3.103E-19
472.2	3.359E-19
472.4	3.478E-19
472.6	3.334E-19
472.8	3.298E-19
473.0	3.132E-19
473.2	3.309E-19
473.4	3.347E-19
473.6	3.310E-19
473.8	3.593E-19
474.0	3.862E-19
474.2	4.745E-19
474.4	4.648E-19
474.6	4.856E-19
474.8	4.610E-19
475.0	4.400E-19
475.2	4.338E-19
475.4	4.097E-19
475.6	3.833E-19
475.8	3.575E-19
476.0	3.673E-19
476.2	3.633E-19
476.4	3.617E-19
476.6	3.525E-19
476.8	3.422E-19
477.0	3.285E-19
477.2	3.267E-19
477.4	3.223E-19
477.6	3.164E-19
477.8	3.204E-19
478.0	3.212E-19
478.2	3.237E-19
478.4	3.212E-19
478.6	3.192E-19
478.8	3.072E-19
479.0	3.262E-19
479.2	3.630E-19
479.4	4.075E-19
479.6	4.180E-19
479.8	4.127E-19
480.0	3.776E-19
480.2	3.511E-19
480.4	3.484E-19
480.6	3.434E-19
480.8	3.315E-19
481.0	3.299E-19
481.2	3.437E-19
481.4	3.424E-19
481.6	3.560E-19
481.8	3.683E-19
482.0	3.475E-19
482.2	3.295E-19
482.4	3.110E-19
482.6	2.913E-19
482.8	2.796E-19
483.0	2.801E-19
483.2	2.686E-19
483.4	2.540E-19
483.6	2.372E-19
483.8	2.373E-19
484.0	2.473E-19
484.2	2.553E-19
484.4	2.679E-19
484.6	2.721E-19
484.8	2.736E-19
485.0	2.780E-19
485.2	2.779E-19
485.4	2.678E-19
485.6	2.756E-19
485.8	2.798E-19
486.0	2.884E-19
486.2	2.941E-19
486.4	2.950E-19
486.6	2.976E-19
486.8	2.771E-19
487.0	2.451E-19
487.2	2.544E-19
487.4	2.628E-19
487.6	2.418E-19
487.8	2.511E-19
488.0	2.572E-19
488.2	2.769E-19
488.4	3.170E-19
488.6	4.066E-19
488.8	4.761E-19
489.0	4.072E-19
489.2	3.883E-19
489.4	3.909E-19
489.6	3.600E-19
489.8	3.444E-19
490.0	3.189E-19
490.2	3.128E-19
490.4	3.094E-19
490.6	2.803E-19
490.8	2.547E-19
491.0	2.286E-19
491.2	2.221E-19
491.4	2.260E-19
491.6	2.268E-19
491.8	2.221E-19
492.0	2.233E-19
492.2	2.404E-19
492.4	2.608E-19
492.6	2.649E-19
492.8	2.542E-19
493.0	2.432E-19
493.2	2.616E-19
493.4	2.867E-19
493.6	2.962E-19
493.8	2.939E-19
494.0	3.113E-19
494.2	3.193E-19
494.4	3.382E-19
494.6	3.433E-19
494.8	3.442E-19
495.0	3.217E-19
495.2	3.061E-19
495.4	3.008E-19
495.6	3.211E-19
495.8	3.218E-19
496.0	3.211E-19
496.2	3.180E-19
496.4	3.141E-19
496.6	3.251E-19
496.8	3.283E-19
497.0	3.265E-19
497.2	3.119E-19
497.4	2.830E-19
497.6	2.601E-19
497.8	2.401E-19
498.0	2.229E-19
498.2	2.017E-19
498.4	1.849E-19
498.6	1.879E-19
498.8	1.848E-19
499.0	1.774E-19
499.2	1.764E-19
499.4	1.639E-19
499.6	1.566E-19
499.8	1.542E-19
500.0	1.574E-19
500.2	1.573E-19
500.4	1.605E-19
500.6	1.675E-19
500.8	1.706E-19
501.0	1.881E-19
501.2	1.895E-19
501.4	1.840E-19
501.6	1.918E-19
501.8	1.918E-19
502.0	1.944E-19
502.2	2.065E-19
502.4	2.214E-19
502.6	2.387E-19
502.8	2.671E-19
503.0	2.942E-19
503.2	2.464E-19
503.4	2.329E-19
503.6	2.119E-19
503.8	2.158E-19
504.0	2.158E-19
504.2	2.287E-19
504.4	2.621E-19
504.6	2.909E-19
504.8	2.988E-19
505.0	3.454E-19
505.2	3.338E-19
505.4	2.961E-19
505.6	2.774E-19
505.8	2.458E-19
506.0	2.267E-19
506.2	2.288E-19
506.4	2.335E-19
506.6	2.211E-19
506.8	2.195E-19
507.0	2.195E-19
507.2	2.083E-19
507.4	1.999E-19
507.6	1.940E-19
507.8	1.856E-19
508.0	1.985E-19
508.2	2.023E-19
508.4	2.042E-19
508.6	2.308E-19
508.8	2.337E-19
509.0	2.233E-19
509.2	2.451E-19
509.4	2.653E-19
509.6	2.463E-19
509.8	2.478E-19
510.0	2.830E-19
510.2	2.738E-19
510.4	2.605E-19
510.6	2.506E-19
510.8	2.399E-19
511.0	2.431E-19
511.2	2.463E-19
511.4	2.459E-19
511.6	2.366E-19
511.8	2.120E-19
512.0	2.232E-19
512.2	2.313E-19
512.4	2.432E-19
512.6	2.543E-19
512.8	2.299E-19
513.0	2.088E-19
513.2	2.011E-19
513.4	1.894E-19
513.6	1.876E-19
513.8	1.891E-19
514.0	1.825E-19
514.2	1.676E-19
514.4	1.748E-19
514.6	1.769E-19
514.8	1.728E-19
515.0	1.699E-19
515.2	1.608E-19
515.4	1.553E-19
515.6	1.503E-19
515.8	1.574E-19
516.0	1.567E-19
516.2	1.487E-19
516.4	1.503E-19
516.6	1.519E-19
516.8	1.358E-19
517.0	1.293E-19
517.2	1.283E-19
517.4	1.379E-19
517.6	1.322E-19
517.8	1.417E-19
518.0	1.585E-19
518.2	1.664E-19
518.4	1.901E-19
518.6	2.056E-19
518.8	2.058E-19
519.0	1.896E-19
519.2	1.733E-19
519.4	1.819E-19
519.6	1.911E-19
519.8	1.887E-19
520.0	1.848E-19
520.2	1.888E-19
520.4	1.932E-19
520.6	1.766E-19
520.8	1.674E-19
521.0	1.650E-19
521.2	1.615E-19
521.4	1.439E-19
521.6	1.498E-19
521.8	1.457E-19
522.0	1.495E-19
522.2	1.459E-19
522.4	1.398E-19
522.6	1.470E-19
522.8	1.551E-19
523.0	1.573E-19
523.2	1.607E-19
523.4	1.619E-19
523.6	1.364E-19
523.8	1.388E-19
524.0	1.441E-19
524.2	1.480E-19
524.4	1.542E-19
524.6	1.629E-19
524.8	1.696E-19
525.0	1.797E-19
525.2	2.088E-19
525.4	2.238E-19
525.6	2.332E-19
525.8	2.335E-19
526.0	2.064E-19
526.2	2.133E-19
526.4	2.174E-19
526.6	2.215E-19
526.8	2.152E-19
527.0	1.896E-19
527.2	1.648E-19
527.4	1.691E-19
527.6	1.736E-19
527.8	1.783E-19
528.0	1.860E-19
528.2	1.779E-19
528.4	1.721E-19
528.6	1.704E-19
528.8	1.603E-19
529.0	1.567E-19
529.2	1.521E-19
529.4	1.502E-19
529.6	1.524E-19
529.8	1.509E-19
530.0	1.408E-19
530.2	1.448E-19
530.4	1.468E-19
530.6	1.387E-19
530.8	1.403E-19
531.0	1.382E-19
531.2	1.415E-19
531.4	1.390E-19
531.6	1.461E-19
531.8	1.438E-19
532.0	1.450E-19
532.2	1.497E-19
532.4	1.516E-19
532.6	1.523E-19
532.8	1.452E-19
533.0	1.375E-19
533.2	1.430E-19
533.4	1.324E-19
533.6	1.236E-19
533.8	1.180E-19
534.0	1.205E-19
534.2	1.135E-19
534.4	1.181E-19
534.6	1.080E-19
534.8	1.057E-19
535.0	9.780E-20
535.2	8.477E-20
535.4	8.335E-20
535.6	7.738E-20
535.8	7.599E-20
536.0	7.842E-20
536.2	8.494E-20
536.4	8.487E-20
536.6	8.360E-20
536.8	7.688E-20
537.0	7.607E-20
537.2	8.007E-20
537.4	7.875E-20
537.6	7.762E-20
537.8	8.081E-20
538.0	9.966E-20
538.2	1.069E-19
538.4	1.197E-19
538.6	1.155E-19
538.8	1.140E-19
539.0	1.182E-19
539.2	1.213E-19
539.4	1.112E-19
539.6	1.045E-19
539.8	1.030E-19
540.0	9.681E-20
540.2	8.435E-20
540.4	7.943E-20
540.6	7.559E-20
540.8	7.714E-20
541.0	8.019E-20
541.2	8.625E-20
541.4	9.509E-20
541.6	1.125E-19
541.8	1.188E-19
542.0	1.271E-19
542.2	1.343E-19
542.4	1.328E-19
542.6	1.330E-19
542.8	1.378E-19
543.0	1.418E-19
543.2	1.381E-19
543.4	1.388E-19
543.6	1.363E-19
543.8	1.255E-19
544.0	1.239E-19
544.2	1.168E-19
544.4	1.132E-19
544.6	1.203E-19
544.8	1.220E-19
545.0	1.338E-19
545.2	1.447E-19
545.4	1.332E-19
545.6	1.322E-19
545.8	1.199E-19
546.0	1.124E-19
546.2	1.104E-19
546.4	1.044E-19
546.6	9.715E-20
546.8	9.426E-20
547.0	1.000E-19
547.2	1.114E-19
547.4	1.205E-19
547.6	1.275E-19
547.8	1.286E-19
548.0	1.256E-19
548.2	1.251E-19
548.4	1.151E-19
548.6	1.263E-19
548.8	1.172E-19
549.0	1.235E-19
549.2	1.314E-19
549.4	1.184E-19
549.6	1.112E-19
549.8	9.792E-20
550.0	9.666E-20
550.2	9.477E-20
550.4	9.404E-20
550.6	8.932E-20
550.8	9.057E-20
551.0	7.958E-20
551.2	7.808E-20
551.4	7.938E-20
551.6	8.333E-20
551.8	8.294E-20
552.0	7.973E-20
552.2	9.243E-20
552.4	9.463E-20
552.6	8.858E-20
552.8	1.003E-19
553.0	1.100E-19
553.2	1.105E-19
553.4	9.251E-20
553.6	8.324E-20
553.8	9.191E-20
554.0	8.867E-20
554.2	8.720E-20
554.4	8.409E-20
554.6	7.623E-20
554.8	6.879E-20
555.0	6.434E-20
555.2	6.552E-20
555.4	6.437E-20
555.6	5.770E-20
555.8	5.359E-20
556.0	5.147E-20
556.2	5.428E-20
556.4	5.828E-20
556.6	6.098E-20
556.8	5.587E-20
557.0	5.824E-20
557.2	5.584E-20
557.4	5.698E-20
557.6	5.437E-20
557.8	5.712E-20
558.0	6.227E-20
558.2	6.232E-20
558.4	5.592E-20
558.6	5.290E-20
558.8	5.042E-20
559.0	4.531E-20
559.2	4.106E-20
559.4	4.633E-20
559.6	4.614E-20
559.8	4.429E-20
560.0	5.145E-20
560.2	5.007E-20
560.4	5.437E-20
560.6	5.371E-20
560.8	5.655E-20
561.0	5.976E-20
561.2	6.021E-20
561.4	5.998E-20
561.6	6.501E-20
561.8	6.475E-20
562.0	6.380E-20
562.2	6.251E-20
562.4	6.654E-20
562.6	7.569E-20
562.8	7.970E-20
563.0	7.962E-20
563.2	8.417E-20
563.4	9.999E-20
563.6	1.161E-19
563.8	1.063E-19
564.0	8.783E-20
564.2	1.038E-19
564.4	1.197E-19
564.6	1.156E-19
564.8	1.009E-19
565.0	9.217E-20
565.2	8.601E-20
565.4	9.020E-20
565.6	8.600E-20
565.8	6.937E-20
566.0	5.758E-20
566.2	5.038E-20
566.4	4.586E-20
566.6	5.194E-20
566.8	5.098E-20
567.0	4.775E-20
567.2	5.154E-20
567.4	6.722E-20
567.6	6.556E-20
567.8	6.966E-20
568.0	7.222E-20
568.2	8.176E-20
568.4	7.508E-20
568.6	6.886E-20
568.8	6.104E-20
569.0	6.820E-20
569.2	6.599E-20
569.4	6.341E-20
569.6	6.286E-20
569.8	7.048E-20
570.0	7.814E-20
570.2	7.820E-20
570.4	8.395E-20
570.6	1.015E-19
570.8	9.550E-20
571.0	9.179E-20
571.2	9.000E-20
571.4	8.451E-20
571.6	8.984E-20
571.8	8.596E-20
572.0	9.298E-20
572.2	8.595E-20
572.4	7.502E-20
572.6	6.947E-20
572.8	6.262E-20
573.0	6.683E-20
573.2	6.548E-20
573.4	5.606E-20
573.6	5.442E-20
573.8	5.383E-20
574.0	4.707E-20
574.2	4.481E-20
574.4	4.455E-20
574.6	4.161E-20
574.8	4.150E-20
575.0	4.508E-20
575.2	3.877E-20
575.4	4.103E-20
575.6	3.601E-20
575.8	3.269E-20
576.0	2.970E-20
576.2	2.843E-20
576.4	2.791E-20
576.6	2.733E-20
576.8	2.681E-20
577.0	2.933E-20
577.2	3.111E-20
577.4	2.825E-20
577.6	3.015E-20
577.8	3.484E-20
578.0	3.358E-20
578.2	3.431E-20
578.4	3.999E-20
578.6	4.755E-20
578.8	5.177E-20
579.0	5.241E-20
579.2	5.078E-20
579.4	4.847E-20
579.6	4.853E-20
579.8	4.940E-20
580.0	4.899E-20
580.2	4.641E-20
580.4	4.752E-20
580.6	4.302E-20
580.8	3.828E-20
581.0	3.372E-20
581.2	3.088E-20
581.4	3.039E-20
581.6	3.252E-20
581.8	3.217E-20
582.0	2.988E-20
582.2	2.791E-20
582.4	2.662E-20
582.6	2.764E-20
582.8	2.991E-20
583.0	3.282E-20
583.2	3.268E-20
583.4	3.029E-20
583.6	3.062E-20
583.8	3.265E-20
584.0	3.541E-20
584.2	3.689E-20
584.4	3.930E-20
584.6	4.577E-20
584.8	4.892E-20
585.0	5.037E-20
585.2	5.130E-20
585.4	5.523E-20
585.6	5.814E-20
585.8	4.810E-20
586.0	4.624E-20
586.2	4.676E-20
586.4	4.684E-20
586.6	4.584E-20
586.8	4.534E-20
587.0	4.509E-20
587.2	4.054E-20
587.4	3.939E-20
587.6	3.791E-20
587.8	3.541E-20
588.0	3.398E-20
588.2	3.386E-20
588.4	3.383E-20
588.6	3.399E-20
588.8	3.443E-20
589.0	3.720E-20
589.2	4.298E-20
589.4	4.528E-20
589.6	4.548E-20
589.8	4.643E-20
590.0	4.863E-20
590.2	5.428E-20
590.4	6.061E-20
590.6	5.439E-20
590.8	5.261E-20
591.0	4.695E-20
591.2	4.745E-20
591.4	5.822E-20
591.6	6.289E-20
591.8	6.441E-20
592.0	6.661E-20
592.2	7.312E-20
592.4	6.291E-20
592.6	6.132E-20
592.8	6.943E-20
593.0	7.289E-20
593.2	5.809E-20
593.4	4.870E-20
593.6	5.148E-20
593.8	4.614E-20
594.0	3.598E-20
594.2	3.180E-20
594.4	3.224E-20
594.6	3.367E-20
594.8	2.903E-20
595.0	2.772E-20
595.2	2.491E-20
595.4	2.264E-20
595.6	2.229E-20
595.8	2.124E-20
596.0	2.293E-20
596.2	2.793E-20
596.4	2.701E-20
596.6	2.398E-20
596.8	2.361E-20
597.0	2.635E-20
597.2	2.717E-20
597.4	2.681E-20
597.6	2.815E-20
597.8	2.975E-20
598.0	2.619E-20
598.2	2.606E-20
598.4	2.870E-20
598.6	3.085E-20
598.8	3.360E-20
599.0	3.418E-20
599.2	3.255E-20
599.4	3.325E-20
599.6	3.900E-20
599.8	4.127E-20
600.0	4.150E-20
600.2	4.096E-20
600.4	4.376E-20
600.6	4.236E-20
600.8	4.103E-20
601.0	3.845E-20
601.2	4.059E-20
601.4	4.115E-20
601.6	3.780E-20
601.8	3.686E-20
602.0	3.432E-20
602.2	3.125E-20
602.4	3.065E-20
602.6	2.693E-20
602.8	2.516E-20
603.0	2.227E-20
603.2	1.904E-20
603.4	1.595E-20
603.6	1.531E-20
603.8	1.530E-20
604.0	1.379E-20
604.2	1.298E-20
604.4	1.357E-20
604.6	1.212E-20
604.8	1.251E-20
605.0	1.446E-20
605.2	1.668E-20
605.4	1.804E-20
605.6	1.794E-20
605.8	1.616E-20
606.0	1.398E-20
606.2	1.281E-20
606.4	1.354E-20
606.6	1.525E-20
606.8	1.633E-20
607.0	1.558E-20
607.2	1.409E-20
607.4	1.494E-20
607.6	1.586E-20
607.8	1.830E-20
608.0	1.889E-20
608.2	1.635E-20
608.4	1.633E-20
608.6	1.720E-20
608.8	1.589E-20
609.0	1.629E-20
609.2	1.680E-20
609.4	1.607E-20
609.6	1.598E-20
609.8	1.624E-20
610.0	1.638E-20
610.2	1.708E-20
610.4	1.706E-20
610.6	1.672E-20
610.8	2.026E-20
611.0	2.461E-20
611.2	2.744E-20
611.4	3.380E-20
611.6	3.660E-20
611.8	3.461E-20
612.0	3.832E-20
612.2	4.681E-20
612.4	4.278E-20
612.6	5.503E-20
612.8	5.072E-20
613.0	3.572E-20
613.2	2.939E-20
613.4	2.830E-20
613.6	2.981E-20
613.8	3.214E-20
614.0	3.006E-20
614.2	3.020E-20
614.4	2.908E-20
614.6	2.636E-20
614.8	2.369E-20
615.0	2.340E-20
615.2	2.395E-20
615.4	2.459E-20
615.6	2.817E-20
615.8	3.017E-20
616.0	2.963E-20
616.2	3.305E-20
616.4	3.284E-20
616.6	3.908E-20
616.8	4.029E-20
617.0	3.427E-20
617.2	3.219E-20
617.4	3.108E-20
617.6	3.004E-20
617.8	3.170E-20
618.0	2.713E-20
618.2	2.322E-20
618.4	1.973E-20
618.6	1.780E-20
618.8	1.837E-20
619.0	1.932E-20
619.2	1.971E-20
619.4	2.226E-20
619.6	2.356E-20
619.8	2.330E-20
620.0	2.276E-20
620.2	2.849E-20
620.4	3.008E-20
620.6	3.065E-20
620.8	2.970E-20
621.0	2.656E-20
621.2	2.476E-20
621.4	2.112E-20
621.6	1.913E-20
621.8	1.801E-20
622.0	1.637E-20
622.2	1.622E-20
622.4	1.848E-20
622.6	1.915E-20
622.8	1.784E-20
623.0	1.846E-20
623.2	1.915E-20
623.4	2.135E-20
623.6	1.956E-20
623.8	2.077E-20
624.0	1.806E-20
624.2	1.883E-20
624.4	1.926E-20
624.6	1.847E-20
624.8	1.832E-20
625.0	1.932E-20
625.2	1.955E-20
625.4	1.855E-20
625.6	1.750E-20
625.8	1.753E-20
626.0	1.622E-20
626.2	1.523E-20
626.4	1.447E-20
626.6	1.594E-20
626.8	1.455E-20
627.0	1.397E-20
627.2	1.299E-20
627.4	1.267E-20
627.6	1.222E-20
627.8	1.148E-20
628.0	1.118E-20
628.2	1.062E-20
628.4	1.066E-20
628.6	1.142E-20
628.8	1.116E-20
629.0	1.190E-20
629.2	1.129E-20
629.4	1.011E-20
629.6	9.155E-21
629.8	9.159E-21
630.0	8.374E-21
630.2	7.594E-21
630.4	8.309E-21
630.6	9.365E-21
630.8	9.443E-21
631.0	1.024E-20
631.2	1.074E-20
631.4	1.195E-20
631.6	1.059E-20
631.8	1.125E-20
632.0	1.135E-20
632.2	1.167E-20
632.4	1.109E-20
632.6	9.960E-21
632.8	9.323E-21
633.0	9.283E-21
633.2	1.006E-20
633.4	1.187E-20
633.6	1.167E-20
633.8	1.146E-20
634.0	1.186E-20
634.2	1.365E-20
634.4	1.300E-20
634.6	1.189E-20
634.8	1.001E-20
635.0	9.866E-21
635.2	1.147E-20
635.4	1.127E-20
635.6	1.182E-20
635.8	1.073E-20
636.0	1.171E-20
636.2	1.341E-20
636.4	1.192E-20
636.6	1.225E-20
636.8	1.267E-20
637.0	1.197E-20
637.2	1.188E-20
637.4	1.253E-20
637.6	1.316E-20
637.8	1.461E-20
638.0	1.388E-20
638.2	1.186E-20
638.4	1.060E-20
638.6	1.128E-20
638.8	1.189E-20
639.0	1.186E-20
639.2	1.146E-20
639.4	1.042E-20
639.6	1.221E-20
639.8	1.388E-20
640.0	1.335E-20
640.2	1.102E-20
640.4	1.266E-20
640.6	1.326E-20
640.8	1.329E-20
641.0	1.325E-20
641.2	1.351E-20
641.4	1.246E-20
641.6	1.320E-20
641.8	1.634E-20
642.0	1.625E-20
642.2	1.739E-20
642.4	2.021E-20
642.6	1.964E-20
642.8	1.778E-20
643.0	1.632E-20
643.2	1.686E-20
643.4	1.897E-20
643.6	1.725E-20
643.8	1.387E-20
644.0	1.356E-20
644.2	1.214E-20
644.4	1.080E-20
644.6	1.106E-20
644.8	1.244E-20
645.0	1.427E-20
645.2	1.417E-20
645.4	1.370E-20
645.6	1.459E-20
645.8	1.400E-20
646.0	1.593E-20
646.2	1.959E-20
646.4	1.934E-20
646.6	2.293E-20
646.8	2.345E-20
647.0	2.462E-20
647.2	2.135E-20
647.4	2.122E-20
647.6	2.297E-20
647.8	2.042E-20
648.0	1.795E-20
648.2	1.398E-20
648.4	1.066E-20
648.6	8.702E-21
648.8	9.640E-21
649.0	9.295E-21
649.2	9.317E-21
649.4	8.708E-21
649.6	8.859E-21
649.8	7.883E-21
650.0	9.634E-21
650.2	1.076E-20
650.4	1.194E-20
650.6	1.079E-20
650.8	1.074E-20
651.0	1.147E-20
651.2	9.958E-21
651.4	1.107E-20
651.6	1.169E-20
651.8	9.151E-21
652.0	1.065E-20
652.2	9.294E-21
652.4	1.046E-20
652.6	9.756E-21
652.8	9.467E-21
653.0	9.366E-21
653.2	8.671E-21
653.4	8.017E-21
653.6	8.504E-21
653.8	8.017E-21
654.0	8.130E-21
654.2	8.191E-21
654.4	7.805E-21
654.6	8.413E-21
654.8	9.288E-21
655.0	8.331E-21
655.2	7.480E-21
655.4	7.415E-21
655.6	6.809E-21
655.8	9.396E-21
656.0	9.678E-21
656.2	8.241E-21
656.4	7.320E-21
656.6	6.665E-21
656.8	7.069E-21
657.0	7.070E-21
657.2	5.265E-21
657.4	5.598E-21
657.6	5.063E-21
657.8	5.729E-21
658.0	4.484E-21
658.2	6.329E-21
658.4	4.448E-21
658.6	4.589E-21
658.8	5.727E-21
659.0	6.205E-21
659.2	5.140E-21
659.4	6.132E-21
659.6	6.654E-21
659.8	6.333E-21
660.0	6.055E-21
660.2	5.183E-21
660.4	4.291E-21
660.6	4.513E-21
660.8	5.141E-21
661.0	3.768E-21
661.2	3.985E-21
661.4	2.806E-21
661.6	3.384E-21
661.8	2.766E-21
662.0	2.779E-21
662.2	3.251E-21
662.4	2.321E-21
662.6	3.117E-21
662.8	2.871E-21
663.0	2.401E-21
663.2	3.526E-21
663.4	2.968E-21
663.6	3.027E-21
663.8	3.171E-21
664.0	2.783E-21
664.2	1.924E-21
664.4	4.029E-21
664.6	5.111E-21
664.8	3.844E-21
665.0	4.256E-21
665.2	4.422E-21
665.4	5.715E-21
665.6	5.554E-21
665.8	5.458E-21
666.0	6.952E-21
666.2	6.869E-21
666.4	7.074E-21
666.6	7.307E-21
666.8	7.973E-21
667.0	7.139E-21
667.2	7.663E-21
667.4	6.225E-21
667.6	7.391E-21
667.8	8.234E-21
668.0	9.872E-21
668.2	9.420E-21
668.4	7.567E-21
668.6	6.490E-21
668.8	8.490E-21
669.0	9.275E-21
669.2	9.208E-21
669.4	7.556E-21
669.6	9.827E-21
669.8	9.549E-21
670.0	9.829E-21
670.2	1.030E-20
670.4	8.829E-21
670.6	6.402E-21
670.8	6.128E-21
671.0	8.391E-21
671.2	9.217E-21
671.4	8.590E-21
671.6	8.327E-21
671.8	7.842E-21
672.0	7.768E-21
672.2	7.338E-21
672.4	9.730E-21
672.6	7.873E-21
672.8	8.019E-21
673.0	8.934E-21
673.2	9.333E-21
673.4	1.292E-20
673.6	1.099E-20
673.8	8.670E-21
674.0	9.184E-21
674.2	9.205E-21
674.4	8.957E-21
674.6	7.984E-21
674.8	6.789E-21
675.0	7.870E-21
675.2	8.257E-21
675.4	6.592E-21
675.6	8.492E-21
675.8	8.184E-21
676.0	7.687E-21
676.2	7.181E-21
676.4	8.210E-21
676.6	9.319E-21
676.8	9.607E-21
677.0	7.640E-21
677.2	7.290E-21
677.4	8.683E-21
677.6	7.759E-21
677.8	6.437E-21
678.0	4.690E-21
678.2	7.077E-21
678.4	4.170E-21
678.6	4.471E-21
678.8	7.166E-21
679.0	5.062E-21
679.2	6.494E-21
679.4	5.765E-21
679.6	6.594E-21
679.8	6.187E-21
680.0	5.264E-21
680.2	5.347E-21
680.4	4.456E-21
680.6	5.704E-21
680.8	5.871E-21
681.0	4.844E-21
681.2	4.472E-21
681.4	4.197E-21
681.6	4.486E-21
681.8	4.614E-21
682.0	4.988E-21
682.2	3.916E-21
682.4	4.662E-21
682.6	2.709E-21
682.8	3.062E-21
683.0	4.125E-21
683.2	4.898E-21
683.4	3.675E-21
683.6	2.777E-21
683.8	3.337E-21
684.0	3.213E-21
684.2	4.092E-21
684.4	4.489E-21
684.6	4.034E-21
684.8	4.629E-21
685.0	4.360E-21
685.2	3.913E-21
685.4	4.780E-21
685.6	5.906E-21
685.8	6.061E-21
686.0	4.789E-21
686.2	6.509E-21
686.4	6.413E-21
686.6	5.115E-21
686.8	3.472E-21
687.0	3.044E-21
687.2	1.706E-21
687.4	3.594E-21
687.6	2.795E-21
687.8	2.201E-21
688.0	8.336E-22
688.2	3.447E-21
688.4	3.182E-21
688.6	2.209E-21
688.8	2.515E-21
689.0	2.152E-21
689.2	2.368E-21
689.4	1.207E-21
689.6	3.488E-21
689.8	3.033E-21
690.0	3.314E-21
690.2	1.448E-21
690.4	2.484E-21
690.6	3.172E-22
690.8	9.211E-22
691.0	3.099E-21
691.2	2.627E-21
691.4	3.239E-21
691.6	2.939E-21
691.8	2.273E-21
692.0	2.376E-21
692.2	3.174E-21
692.4	1.789E-21
692.6	1.415E-21
692.8	1.478E-21
693.0	1.818E-21
693.2	6.134E-22
693.4	2.403E-22
693.6	1.562E-21
693.8	1.211E-21
694.0	1.240E-21
694.2	1.980E-21
694.4	3.603E-21
694.6	2.479E-21
694.8	3.016E-21
695.0	2.119E-21
695.2	1.160E-21
695.4	2.332E-21
695.6	3.319E-21
695.8	2.119E-21
696.0	9.073E-22
696.2	8.797E-22
696.4	8.344E-22
696.6	2.767E-21
696.8	2.307E-22
697.0	8.465E-22
697.2	1.023E-21
697.4	1.110E-21
697.6	1.021E-22
697.8	8.061E-22
698.0	3.049E-21
698.2	3.395E-21
698.4	2.233E-21
698.6	3.284E-22
698.8	2.658E-21
699.0	3.125E-21
699.2	2.964E-21
699.4	5.248E-22
699.6	1.664E-21
699.8	3.314E-21
700.0	4.416E-21
700.2	2.069E-21
700.4	5.935E-21
700.6	3.735E-21
700.8	3.371E-21
701.0	2.167E-21
701.2	2.728E-21
701.4	2.520E-21
701.6	2.750E-21
701.8	2.815E-21
702.0	4.323E-21
702.2	4.194E-21
702.4	2.340E-21
702.6	3.362E-21
702.8	2.689E-21
703.0	1.461E-21
703.2	5.129E-21
703.4	3.888E-21
703.6	5.231E-21
703.8	3.567E-21
704.0	3.891E-21
704.2	5.066E-21
704.4	4.259E-21
704.6	4.185E-21
704.8	5.973E-21
705.0	6.674E-21
705.2	6.371E-21
705.4	6.339E-21
705.6	4.069E-21
705.8	4.523E-21
706.0	4.970E-21
706.2	4.556E-21
706.4	7.088E-21
706.6	6.440E-21
706.8	5.036E-21
707.0	5.008E-21
707.2	8.370E-21
707.4	9.222E-21
707.6	6.423E-21
707.8	8.262E-21
708.0	5.190E-21
708.2	3.726E-21
708.4	4.722E-21
708.6	3.442E-21
708.8	3.783E-21
709.0	3.786E-21
709.2	4.923E-21
709.4	9.519E-21
709.6	5.378E-21
