200.117,808.78
200.235,808.28
200.354,817.19
200.472,841.53
200.59,845.36
200.709,867.36
200.827,885.11
200.945,877.86
201.063,892.94
201.182,918.28
201.3,928.94
201.418,937.78
201.536,958.03
201.655,964.28
201.773,985.69
201.891,998.19
202.009,1010.44
202.127,1027.11
202.245,1033.61
202.364,1060.28
202.482,1058.94
202.6,1070.28
202.718,1093.19
202.836,1129.11
202.954,1142.36
203.073,1156.36
203.191,1191.53
203.309,1201.28
203.427,1211.69
203.545,1243.44
203.663,1258.36
203.781,1281.28
203.899,1298.28
204.017,1332.69
204.135,1344.94
204.253,1363.28
204.371,1388.94
204.489,1417.11
204.607,1430.53
204.725,1455.53
204.843,1479.03
204.961,1508.28
205.079,1532.53
205.197,1554.11
205.315,1578.19
205.433,1614.36
205.551,1634.11
205.669,1672.86
205.787,1691.69
205.905,1727.78
206.023,1767.03
206.141,1774.19
206.259,1824.86
206.377,1847.28
206.495,1888.44
206.613,1919.44
206.731,1933.19
206.848,1986.53
206.966,2008.11
207.084,2058.19
207.202,2070.69
207.32,2109.19
207.438,2150.94
207.556,2210.53
207.673,2226.78
207.791,2277.03
207.909,2321.61
208.027,2357.94
208.145,2401.11
208.262,2423.19
208.38,2475.03
208.498,2510.69
208.616,2548.19
208.733,2597.86
208.851,2652.03
208.969,2702.36
209.087,2737.19
209.204,2799.53
209.322,2850.36
209.44,2890.53
209.557,2930.19
209.675,2941.78
209.793,2988.94
209.91,3081.44
210.028,3110.86
210.146,3173.78
210.263,3248.11
210.381,3263.11
210.499,3343.86
210.616,3404.78
210.734,3444.94
210.852,3521.53
210.969,3568.61
211.087,3631.94
211.204,3677.03
211.322,3733.36
211.439,3798.36
211.557,3832.03
211.675,3917.61
211.792,3963.78
211.91,4021.61
212.027,4114.36
212.145,4158.86
212.262,4240.86
212.38,4275.86
212.497,4370.53
212.615,4463.11
212.732,4521.03
212.85,4582.03
212.967,4665.86
213.085,4708.86
213.202,4771.94
213.32,4854.44
213.437,4918.61
213.554,4990.28
213.672,5095.86
213.789,5156.94
213.907,5229.69
214.024,5289.86
214.141,5346.03
214.259,5439.61
214.376,5487.61
214.494,5585.53
214.611,5631.03
214.728,5696.69
214.846,5806.78
214.963,5895.69
215.08,5971.86
215.198,6073.28
215.315,6170.03
215.432,6253.61
215.549,6316.94
215.667,6417.28
215.784,6509.94
215.901,6595.19
216.019,6659.03
216.136,6769.61
216.253,6865.94
216.37,6926.11
216.488,7064.86
216.605,7150.61
216.722,7226.61
216.839,7338.94
216.956,7417.69
217.074,7522.78
217.191,7588.61
217.308,7671.53
217.425,7745.03
217.542,7864.19
217.659,7968.28
217.777,8075.19
217.894,8166.86
218.011,8266.44
218.128,8357.78
218.245,8454.69
218.362,8534.69
218.479,8651.94
218.596,8684.53
218.713,8802.36
218.831,8926.94
218.948,9030.53
219.065,9103.44
219.182,9169.11
219.299,9275.61
219.416,9397.03
219.533,9553.36
219.65,9631.61
219.767,9738.28
219.884,9851.61
220.001,9996.28
220.118,10098.44
220.235,10166.36
220.352,10308.19
220.469,10416.86
220.586,10515.03
220.703,10648.61
220.82,10759.36
220.937,10834.94
221.053,10920.86
221.17,11031.94
221.287,11144.44
221.404,11217.53
221.521,11291.78
221.638,11342.78
221.755,11441.44
221.872,11615.19
221.989,11746.94
222.105,11847.44
222.222,11932.44
222.339,12047.86
222.456,12115.03
222.573,12244.11
222.69,12319.28
222.806,12388.94
222.923,12477.78
223.04,12585.44
223.157,12668.78
223.274,12733.86
223.39,12841.78
223.507,12976.78
223.624,13069.53
223.741,13158.44
223.857,13259.28
223.974,13391.86
224.091,13423.53
224.208,13509.94
224.324,13594.53
224.441,13717.69
224.558,13787.28
224.674,13851.44
224.791,13950.19
224.908,14059.11
225.024,14168.28
225.141,14260.86
225.258,14327.28
225.374,14425.78
225.491,14494.78
225.607,14532.03
225.724,14578.36
225.841,14651.78
225.957,14751.69
226.074,14777.94
226.19,14879.61
226.307,14965.36
226.424,15055.61
226.54,15160.28
226.657,15258.03
226.773,15351.11
226.89,15399.11
227.006,15458.44
227.123,15511.61
227.239,15527.86
227.356,15658.78
227.472,15722.03
227.589,15813.44
227.705,15893.11
227.822,15938.78
227.938,16012.44
228.055,16104.19
228.171,16110.69
228.288,16262.53
228.404,16370.78
228.52,16442.86
228.637,16493.44
228.753,16572.11
228.87,16640.69
228.986,16720.94
229.102,16788.53
229.219,16834.28
229.335,16889.86
229.452,16884.53
229.568,17037.86
229.684,17104.61
229.801,17132.44
229.917,17153.94
230.033,17104.53
230.15,17060.78
230.266,17160.78
230.382,17227.11
230.498,17237.86
230.615,17244.44
230.731,17429.86
230.847,17522.86
230.964,17543.61
231.08,17657.53
231.196,17627.03
231.312,17691.44
231.429,17708.69
231.545,17748.53
231.661,17832.44
231.777,17884.86
231.893,17935.86
232.01,17941.11
232.126,17947.19
232.242,18042.36
232.358,18019.11
232.474,18047.19
232.59,17989.94
232.707,17971.69
232.823,18058.03
232.939,18136.61
233.055,18153.94
233.171,18234.53
233.287,18224.94
233.403,18334.86
233.519,18337.94
233.635,18345.86
233.751,18373.53
233.868,18455.44
233.984,18457.78
234.1,18427.86
234.216,18459.19
234.332,18504.69
234.448,18519.61
234.564,18539.69
234.68,18485.44
234.796,18500.94
234.912,18533.19
235.028,18543.86
235.144,18569.36
235.26,18580.36
235.376,18438.36
235.492,18497.61
235.608,18616.28
235.723,18597.28
235.839,18576.03
235.955,18512.78
236.071,18533.28
236.187,18484.28
236.303,18509.94
236.419,18473.03
236.535,18519.11
236.651,18516.36
236.767,18508.69
236.882,18505.03
236.998,18559.19
237.114,18587.94
237.23,18615.86
237.346,18596.53
237.462,18595.44
237.577,18590.11
237.693,18555.61
237.809,18538.61
237.925,18549.78
238.041,18474.36
238.156,18399.78
238.272,18438.94
238.388,18413.53
238.504,18530.44
238.619,18484.19
238.735,18409.03
238.851,18453.78
238.967,18361.69
239.082,18414.94
239.198,18375.53
239.314,18375.86
239.429,18382.44
239.545,18378.19
239.661,18432.44
239.776,18459.03
239.892,18469.11
240.008,18505.53
240.123,18487.86
240.239,18546.53
240.355,18530.86
240.47,18498.19
240.586,18512.69
240.701,18482.69
240.817,18472.86
240.933,18527.36
241.048,18479.44
241.164,18460.53
241.279,18459.94
241.395,18515.61
241.51,18478.44
241.626,18465.86
241.741,18455.78
241.857,18470.78
241.972,18337.28
242.088,18299.03
242.203,18283.61
242.319,18455.53
242.434,18508.86
242.55,18521.36
242.665,18566.53
242.781,18631.94
242.896,18637.03
243.012,18594.11
243.127,18623.36
243.243,18421.11
243.358,18422.28
243.473,18653.19
243.589,18758.69
243.704,18719.61
243.82,18725.03
243.935,18720.19
244.05,18795.11
244.166,18800.03
244.281,18918.61
244.396,18928.28
244.512,19009.03
244.627,19058.61
244.742,19098.19
244.858,19049.94
244.973,19102.03
245.088,19111.78
245.204,19198.44
245.319,19234.53
245.434,19284.86
245.55,19353.19
245.665,19417.69
245.78,19442.03
245.895,19397.03
246.011,19538.19
246.126,19562.61
246.241,19617.78
246.356,19685.61
246.471,19732.03
246.587,19767.86
246.702,19788.03
246.817,19847.61
246.932,19920.44
247.047,19819.19
247.163,19814.94
247.278,19893.28
247.393,20058.69
247.508,20108.36
247.623,20216.86
247.738,20223.19
247.853,20254.53
247.968,20337.53
248.084,20369.19
248.199,20403.44
248.314,20501.53
248.429,20513.61
248.544,20411.78
248.659,20519.86
248.774,20757.36
248.889,20773.19
249.004,20885.69
249.119,20927.28
249.234,20976.69
249.349,20968.36
249.464,21006.53
249.579,21070.44
249.694,21011.94
249.809,21054.94
249.924,21150.61
250.039,21177.44
250.154,21221.28
250.269,21285.44
250.384,21356.61
250.499,21438.28
250.614,21485.86
250.729,21473.78
250.844,21537.19
250.958,21586.53
251.073,21701.19
251.188,21786.86
251.303,21871.53
251.418,21910.69
251.533,21960.19
251.648,22009.44
251.763,22065.94
251.877,22125.78
251.992,22180.28
252.107,22271.94
252.222,22297.11
252.337,22434.36
252.452,22433.78
252.566,22452.53
252.681,22413.36
252.796,22314.86
252.911,22224.36
253.025,22467.44
253.14,22570.19
253.255,22533.69
253.37,22595.19
253.484,22630.11
253.599,22636.36
253.714,22547.36
253.829,22597.44
253.943,22593.11
254.058,22704.11
254.173,22750.78
254.287,22739.69
254.402,22755.53
254.517,22859.94
254.631,22891.86
254.746,22986.53
254.861,23046.19
254.975,23044.03
255.09,23062.86
255.204,23097.11
255.319,23088.11
255.434,23165.19
255.548,23152.53
255.663,23167.11
255.777,23078.86
255.892,23138.28
256.006,23129.86
256.121,23220.69
256.236,23201.11
256.35,23131.78
256.465,23166.86
256.579,23088.28
256.694,22894.61
256.808,23154.86
256.923,23294.28
257.037,23243.53
257.152,23181.44
257.266,23210.78
257.381,23184.69
257.495,23254.11
257.609,23291.61
257.724,23279.69
257.838,23286.53
257.953,23260.28
258.067,23266.86
258.182,23252.44
258.296,23305.86
258.41,23272.78
258.525,23236.03
258.639,23184.69
258.754,23168.03
258.868,23173.53
258.982,23213.78
259.097,23152.86
259.211,22999.11
259.325,22969.11
259.44,23132.28
259.554,23130.11
259.668,23154.19
259.783,23081.19
259.897,23110.69
260.011,23079.61
260.125,23075.44
260.24,22995.28
260.354,22909.69
260.468,22811.78
260.582,22797.36
260.697,22728.11
260.811,22711.36
260.925,22704.94
261.039,22613.53
261.153,22543.86
261.268,22560.78
261.382,22514.78
261.496,22520.53
261.61,22490.78
261.724,22480.86
261.839,22506.61
261.953,22522.03
262.067,22512.36
262.181,22440.11
262.295,22468.78
262.409,22407.86
262.523,22366.28
262.637,22323.28
262.752,22273.94
262.866,22227.03
262.98,22142.44
263.094,22152.86
263.208,22043.19
263.322,21961.94
263.436,21958.69
263.55,21885.86
263.664,21842.11
263.778,21847.78
263.892,21862.86
264.006,21780.44
264.12,21742.53
264.234,21696.28
264.348,21631.53
264.462,21645.53
264.576,21544.69
264.69,21585.36
264.804,21465.44
264.918,21409.78
265.032,21414.28
265.146,21432.28
265.26,21437.86
265.374,21339.11
265.487,21275.19
265.601,21262.78
265.715,21244.19
265.829,21175.03
265.943,21089.44
266.057,21093.61
266.171,21041.36
266.285,20982.36
266.398,20877.19
266.512,20875.61
266.626,20771.94
266.74,20706.61
266.854,20694.94
266.968,20670.11
267.081,20568.86
267.195,20490.86
267.309,20345.61
267.423,20336.94
267.536,20243.86
267.65,20171.61
267.764,20152.53
267.878,20104.44
267.991,20083.44
268.105,19943.28
268.219,19904.03
268.333,19859.53
268.446,19842.86
268.56,19791.44
268.674,19771.94
268.787,19797.69
268.901,19757.11
269.015,19725.44
269.128,19448.78
269.242,19351.36
269.356,19569.03
269.469,19570.86
269.583,19579.03
269.697,19490.28
269.81,19370.19
269.924,19348.03
270.037,19277.86
270.151,19187.11
270.265,19085.94
270.378,19012.28
270.492,19070.11
270.605,18985.86
270.719,18999.28
270.832,18921.28
270.946,18905.36
271.059,18834.44
271.173,18764.19
271.286,18716.44
271.4,18705.03
271.513,18640.61
271.627,18610.03
271.74,18513.03
271.854,18366.78
271.967,18151.78
272.081,18307.36
272.194,18368.61
272.308,18271.03
272.421,18213.78
272.534,18212.36
272.648,18099.19
272.761,18060.69
272.875,17980.36
272.988,17950.36
273.101,17920.19
273.215,17873.03
273.328,17793.61
273.442,17802.28
273.555,17780.11
273.668,17741.53
273.782,17687.19
273.895,17689.28
274.008,17574.53
274.121,17521.69
274.235,17497.53
274.348,17458.36
274.461,17368.03
274.575,17342.69
274.688,17285.36
274.801,17245.61
274.914,17205.86
275.028,17220.53
275.141,17186.53
275.254,17181.19
275.367,17139.78
275.481,17126.53
275.594,17066.78
275.707,16995.61
275.82,17029.28
275.933,16939.69
276.047,16834.86
276.16,16842.78
276.273,16825.53
276.386,16791.86
276.499,16745.28
276.612,16719.94
276.725,16753.86
276.839,16685.61
276.952,16651.69
277.065,16630.28
277.178,16623.94
277.291,16537.53
277.404,16535.86
277.517,16481.53
277.63,16478.61
277.743,16375.86
277.856,16393.61
277.969,16325.44
278.082,16328.69
278.195,16205.61
278.309,16144.78
278.422,16122.36
278.535,16025.28
278.648,15990.03
278.761,15985.78
278.873,15925.11
278.986,15902.36
279.099,15901.78
279.212,15888.19
279.325,15909.19
279.438,15846.78
279.551,15839.11
279.664,15784.36
279.777,15808.61
279.89,15765.11
280.003,15755.94
280.116,15733.61
280.229,15707.86
280.342,15640.78
280.454,15583.19
280.567,15547.86
280.68,15459.53
280.793,15411.69
280.906,15382.19
281.019,15313.78
281.131,15261.03
281.244,15231.36
281.357,15100.53
281.47,15087.11
281.583,15135.61
281.695,15109.61
281.808,15091.78
281.921,15091.19
282.034,15039.28
282.147,15014.86
282.259,15044.36
282.372,15038.94
282.485,14984.94
282.598,14898.03
282.71,14880.94
282.823,14847.86
282.936,14789.78
283.048,14745.11
283.161,14691.86
283.274,14688.53
283.386,14622.94
283.499,14555.69
283.612,14545.28
283.724,14505.78
283.837,14452.94
283.95,14427.28
284.062,14429.61
284.175,14349.53
284.287,14417.03
284.4,14302.53
284.513,14295.03
284.625,14313.28
284.738,14257.78
284.85,14198.53
284.963,14131.94
285.075,14090.11
285.188,14037.03
285.301,14012.28
285.413,14016.69
285.526,13976.11
285.638,13929.19
285.751,13869.61
285.863,13868.44
285.976,13802.28
286.088,13764.11
286.201,13668.86
286.313,13574.19
286.425,13589.69
286.538,13637.53
286.65,13627.53
286.763,13632.44
286.875,13588.11
286.988,13545.36
287.1,13495.86
287.212,13483.94
287.325,13435.53
287.437,13406.28
287.55,13343.28
287.662,13326.53
287.774,13324.36
287.887,13374.44
287.999,13340.61
288.111,13304.36
288.224,13261.78
288.336,13211.78
288.448,13244.03
288.561,13192.03
288.673,13149.53
288.785,13151.44
288.897,13063.36
289.01,13013.28
289.122,13021.19
289.234,12946.44
289.347,12908.53
289.459,12882.44
289.571,12876.78
289.683,12883.44
289.795,12875.28
289.908,12803.69
290.02,12751.61
290.132,12749.61
290.244,12705.03
290.356,12645.19
290.469,12590.03
290.581,12589.53
290.693,12577.86
290.805,12561.11
290.917,12504.44
291.029,12488.11
291.142,12443.69
291.254,12439.61
291.366,12406.44
291.478,12393.69
291.59,12394.69
291.702,12331.44
291.814,12329.69
291.926,12197.78
292.038,12277.94
292.15,12260.28
292.262,12218.61
292.374,12165.53
292.486,12093.03
292.598,12073.36
292.71,12031.61
292.823,12047.36
292.935,12015.44
293.046,11966.78
293.158,11899.86
293.27,11902.78
293.382,11911.44
293.494,11885.44
293.606,11858.03
293.718,11828.86
293.83,11829.03
293.942,11821.69
294.054,11838.78
294.166,11784.36
294.278,11785.28
294.39,11773.69
294.502,11711.53
294.614,11648.19
294.725,11660.28
294.837,11645.94
294.949,11604.36
295.061,11607.61
295.173,11536.03
295.285,11556.69
295.397,11543.28
295.508,11525.28
295.62,11498.69
295.732,11457.61
295.844,11465.61
295.956,11426.78
296.067,11437.44
296.179,11480.19
296.291,11455.61
296.403,11312.44
296.514,11294.03
296.626,11168.11
296.738,11204.28
296.85,11183.61
296.961,11222.69
297.073,11180.28
297.185,11123.94
297.296,11131.86
297.408,11112.11
297.52,11086.19
297.632,11215.28
297.743,11230.86
297.855,11011.94
297.966,10844.44
298.078,10823.78
298.19,10768.53
298.301,10807.11
298.413,10781.11
298.525,10728.28
298.636,10658.86
298.748,10647.03
298.859,10595.44
298.971,10588.11
299.083,10520.44
299.194,10502.44
299.306,10477.94
299.417,10447.11
299.529,10448.19
299.64,10426.03
299.752,10417.78
299.863,10413.19
299.975,10392.53
300.086,10345.19
300.198,10401.78
300.309,10346.11
300.421,10317.03
300.532,10307.44
300.644,10283.11
300.755,10245.94
300.867,10241.19
300.978,10193.86
301.089,10174.69
301.201,10104.61
301.312,10106.94
301.424,10126.78
301.535,10115.28
301.646,10143.53
301.758,10118.11
301.869,10088.11
301.981,10075.19
302.092,10049.28
302.203,10058.44
302.315,10037.53
302.426,10055.53
302.537,10018.11
302.649,9975.86
302.76,9926.61
302.871,9941.94
302.983,9912.86
303.094,9886.86
303.205,9928.94
303.316,9925.03
303.428,9881.86
303.539,9870.94
303.65,9877.28
303.761,9832.86
303.873,9814.28
303.984,9792.61
304.095,9735.53
304.206,9770.44
304.318,9814.03
304.429,9820.53
304.54,9823.53
304.651,9838.19
304.762,9821.28
304.873,9771.53
304.985,9748.69
305.096,9741.11
305.207,9765.11
305.318,9763.36
305.429,9738.44
305.54,9748.61
305.651,9756.03
305.762,9730.53
305.874,9685.03
305.985,9655.69
306.096,9612.11
306.207,9595.44
306.318,9603.44
306.429,9597.11
306.54,9628.44
306.651,9612.03
306.762,9571.86
306.873,9546.11
306.984,9546.61
307.095,9572.28
307.206,9554.78
307.317,9548.11
307.428,9568.61
307.539,9555.94
307.65,9494.03
307.761,9459.53
307.872,9541.78
307.983,9480.03
308.094,9492.11
308.205,9487.61
308.316,9439.94
308.426,9440.94
308.537,9417.53
308.648,9440.78
308.759,9469.69
308.87,9416.44
308.981,9409.44
309.092,9473.86
309.203,9426.53
309.313,9354.36
309.424,9326.28
309.535,9318.94
309.646,9304.94
309.757,9336.86
309.868,9297.11
309.978,9300.36
310.089,9303.86
310.2,9234.36
310.311,9280.44
310.422,9240.86
310.532,9214.28
310.643,9197.61
310.754,9205.53
310.865,9152.36
310.975,9127.69
311.086,9128.69
311.197,9129.53
311.307,9136.69
311.418,9115.36
311.529,9136.86
311.639,9147.11
311.75,9108.28
311.861,9051.78
311.972,8966.11
312.082,8950.28
312.193,8939.69
312.303,8955.03
312.414,8955.11
312.525,8967.19
312.635,8953.36
312.746,8966.61
312.857,8975.78
312.967,9020.44
313.078,9065.11
313.188,9042.69
313.299,9037.44
313.409,9089.19
313.52,9438.36
313.63,9641.69
313.741,9244.61
313.852,8781.69
313.962,8659.78
314.073,8638.69
314.183,8610.03
314.294,8598.69
314.404,8574.03
314.515,8617.44
314.625,8641.94
314.735,8670.11
314.846,8736.53
314.956,8800.78
315.067,8934.61
315.177,9100.28
315.288,9274.44
315.398,9431.36
315.509,9573.69
315.619,9530.36
315.729,9651.03
315.84,10751.03
315.95,11668.36
316.06,10504.69
316.171,8870.61
316.281,8341.53
316.392,8223.03
316.502,8216.44
316.612,8139.36
316.723,8118.44
316.833,8086.78
316.943,8055.78
317.053,8037.11
317.164,8011.69
317.274,7987.11
317.384,7962.78
317.495,7926.28
317.605,7932.69
317.715,7897.19
317.825,7850.44
317.936,7845.69
318.046,7834.94
318.156,7804.78
318.266,7817.11
318.376,7776.53
318.487,7755.36
318.597,7748.44
318.707,7712.61
318.817,7690.94
318.927,7673.94
319.037,7653.94
319.148,7620.86
319.258,7611.03
319.368,7564.69
319.478,7555.28
319.588,7523.36
319.698,7504.36
319.808,7489.53
319.918,7474.11
320.029,7473.53
320.139,7439.28
320.249,7378.61
320.359,7369.69
320.469,7339.78
320.579,7312.03
320.689,7298.53
320.799,7330.69
320.909,7285.86
321.019,7284.61
321.129,7278.61
321.239,7262.11
321.349,7296.86
321.459,7220.78
321.569,7169.69
321.679,7147.36
321.789,7158.69
321.899,7112.69
322.009,7103.53
322.119,7063.61
322.229,7032.78
322.339,6979.94
322.449,6976.03
322.558,6971.11
322.668,6964.69
322.778,6930.86
322.888,6948.36
322.998,6934.86
323.108,6909.03
323.218,6908.53
323.328,6888.28
323.437,6904.44
323.547,6867.36
323.657,6848.19
323.767,6824.78
323.877,6784.86
323.987,6778.61
324.096,6759.28
324.206,6721.11
324.316,6724.28
324.426,6694.19
324.535,6695.53
324.645,6633.53
324.755,6592.44
324.865,6594.61
324.974,6556.61
325.084,6559.11
325.194,6553.86
325.304,6518.44
325.413,6503.11
325.523,6456.94
325.633,6471.03
325.742,6462.03
325.852,6454.19
325.962,6464.94
326.071,6425.86
326.181,6388.78
326.291,6401.53
326.4,6385.36
326.51,6385.28
326.62,6352.61
326.729,6360.36
326.839,6344.11
326.948,6294.28
327.058,6250.86
327.168,6229.11
327.277,6197.36
327.387,6199.94
327.496,6177.94
327.606,6179.03
327.715,6197.94
327.825,6135.11
327.934,6121.19
328.044,6124.11
328.153,6090.69
328.263,6101.19
328.372,6127.78
328.482,6120.03
328.591,6093.53
328.701,6025.03
328.81,6003.53
328.92,5975.86
329.029,5954.36
329.139,5989.61
329.248,5912.61
329.357,5925.28
329.467,5912.86
329.576,5893.03
329.686,5863.86
329.795,5872.28
329.904,5848.44
330.014,5843.36
330.123,5830.61
330.233,5819.28
330.342,5795.11
330.451,5809.53
330.561,5764.03
330.67,5757.36
330.779,5762.19
330.889,5798.03
330.998,5766.03
331.107,5707.44
331.216,5668.61
331.326,5621.11
331.435,5603.61
331.544,5580.44
331.653,5590.69
331.763,5548.36
331.872,5521.44
331.981,5537.19
332.09,5524.61
332.2,5490.86
332.309,5507.78
332.418,5477.69
332.527,5483.36
332.636,5477.19
332.746,5436.69
332.855,5435.61
332.964,5423.78
333.073,5452.19
333.182,5436.36
333.291,5403.53
333.401,5391.28
333.51,5404.69
333.619,5392.28
333.728,5384.78
333.837,5426.03
333.946,5423.44
334.055,5332.78
334.164,5302.78
334.273,5224.86
334.382,5243.78
334.491,5244.19
334.6,5225.69
334.71,5213.61
334.819,5190.53
334.928,5182.61
335.037,5207.53
335.146,5196.19
335.255,5221.78
335.364,5298.86
335.473,5342.36
335.582,5378.78
335.69,5418.94
335.799,5524.19
335.908,5682.94
336.017,5837.36
336.126,6049.94
336.235,6233.61
336.344,6498.36
336.453,6752.36
336.562,6994.94
336.671,7178.86
336.78,7197.03
336.889,7292.61
336.997,8468.28
337.106,11023.28
337.215,11042.86
337.324,7960.44
337.433,5872.19
337.542,5153.53
337.651,4929.44
337.759,4866.61
337.868,4811.28
337.977,4795.94
338.086,4761.78
338.195,4768.03
338.303,4730.36
338.412,4725.36
338.521,4714.36
338.63,4672.44
338.738,4672.78
338.847,4658.69
338.956,4640.94
339.065,4608.94
339.173,4589.03
339.282,4607.61
339.391,4586.11
339.499,4572.86
339.608,4551.69
339.717,4532.53
339.825,4531.86
339.934,4513.61
340.043,4489.11
340.151,4482.36
340.26,4486.11
340.369,4472.78
340.477,4451.86
340.586,4479.11
340.695,4440.19
340.803,4461.78
340.912,4427.78
341.02,4393.28
341.129,4401.61
341.237,4387.11
341.346,4391.69
341.455,4361.53
341.563,4377.44
341.672,4322.19
341.78,4297.78
341.889,4270.69
341.997,4285.61
342.106,4274.69
342.214,4267.44
342.323,4268.44
342.431,4218.11
342.54,4217.44
342.648,4202.94
342.757,4202.94
342.865,4185.03
342.973,4184.44
343.082,4183.11
343.19,4145.61
343.299,4165.28
343.407,4142.86
343.516,4113.69
343.624,4087.94
343.732,4068.28
343.841,4063.28
343.949,4064.36
344.057,4037.44
344.166,4032.69
344.274,3997.28
344.382,3985.61
344.491,3978.53
344.599,3979.11
344.707,3982.44
344.816,3958.61
344.924,3957.44
345.032,3932.94
345.141,3937.94
345.249,3920.69
345.357,3936.03
345.465,3921.36
345.574,3894.61
345.682,3898.94
345.79,3870.69
345.898,3875.36
346.007,3873.94
346.115,3844.28
346.223,3834.11
346.331,3849.28
346.439,3828.03
346.548,3797.94
346.656,3789.86
346.764,3760.69
346.872,3767.36
346.98,3780.69
347.088,3740.19
347.197,3739.44
347.305,3724.86
347.413,3702.11
347.521,3690.19
347.629,3695.86
347.737,3670.94
347.845,3682.86
347.953,3692.36
348.061,3685.53
348.169,3674.78
348.277,3636.53
348.386,3618.61
348.494,3605.61
348.602,3603.11
348.71,3612.86
348.818,3612.44
348.926,3577.69
349.034,3581.53
349.142,3582.44
349.25,3571.11
349.358,3552.53
349.466,3547.36
349.574,3549.28
349.682,3522.53
349.789,3534.28
349.897,3538.19
350.005,3573.53
350.113,3553.28
350.221,3484.11
350.329,3437.03
350.437,3423.19
350.545,3410.61
350.653,3408.11
350.761,3390.19
350.868,3387.36
350.976,3375.36
351.084,3359.28
351.192,3359.36
351.3,3367.44
351.408,3348.78
351.516,3355.44
351.623,3335.61
351.731,3332.44
351.839,3316.61
351.947,3320.78
352.055,3330.86
352.162,3313.03
352.27,3337.69
352.378,3362.36
352.486,3369.11
352.593,3411.36
352.701,3425.11
352.809,3468.94
352.917,3482.53
353.024,3527.86
353.132,3534.69
353.24,3548.28
353.347,3557.19
353.455,3645.36
353.563,4004.03
353.67,4220.94
353.778,3931.28
353.886,3477.03
353.993,3264.86
354.101,3167.28
354.209,3117.11
354.316,3077.94
354.424,3075.11
354.531,3051.94
354.639,3077.69
354.747,3073.53
354.854,3051.44
354.962,3034.11
355.069,3060.61
355.177,3067.19
355.284,3061.78
355.392,3056.61
355.499,3048.03
355.607,3048.36
355.715,3065.53
355.822,3090.78
355.93,3122.19
356.037,3140.28
356.144,3161.44
356.252,3216.78
356.359,3291.69
356.467,3337.78
356.574,3443.28
356.682,3539.19
356.789,3628.11
356.897,3746.03
357.004,3871.78
357.112,3992.86
357.219,4062.03
357.326,4094.28
357.434,4223.53
357.541,4939.78
357.648,6205.03
357.756,5984.94
357.863,4492.78
357.971,3524.69
358.078,3129.69
358.185,2906.53
358.293,2806.19
358.4,2755.36
358.507,2747.28
358.614,2735.69
358.722,2723.28
358.829,2724.69
358.936,2710.19
359.044,2695.28
359.151,2680.61
359.258,2678.69
359.365,2664.78
359.473,2659.69
359.58,2666.94
359.687,2655.36
359.794,2650.28
359.902,2639.78
360.009,2620.11
360.116,2588.86
360.223,2607.44
360.33,2595.53
360.437,2576.36
360.545,2581.11
360.652,2563.53
360.759,2562.28
360.866,2564.36
360.973,2529.36
361.08,2525.03
361.187,2512.86
361.295,2514.86
361.402,2508.78
361.509,2499.36
361.616,2490.03
361.723,2509.69
361.83,2480.03
361.937,2472.03
362.044,2451.11
362.151,2470.78
362.258,2466.78
362.365,2456.61
362.472,2458.28
362.579,2468.28
362.686,2444.94
362.793,2434.36
362.9,2409.94
363.007,2405.69
363.114,2425.36
363.221,2416.69
363.328,2405.19
363.435,2388.28
363.542,2370.78
363.649,2374.11
363.756,2366.61
363.863,2348.03
363.97,2354.44
364.077,2342.53
364.184,2340.61
364.29,2338.19
364.397,2306.19
364.504,2313.86
364.611,2314.36
364.718,2287.69
364.825,2282.03
364.932,2303.19
365.038,2270.28
365.145,2281.03
365.252,2280.28
365.359,2284.44
365.466,2278.11
365.572,2261.61
365.679,2244.11
365.786,2240.69
365.893,2247.86
366,2258.19
366.106,2233.78
366.213,2218.28
366.32,2233.69
366.427,2243.86
366.533,2260.44
366.64,2275.11
366.747,2276.69
366.853,2282.94
366.96,2296.11
367.067,2299.94
367.173,2315.61
367.28,2272.78
367.387,2248.19
367.493,2246.19
367.6,2239.53
367.707,2246.19
367.813,2248.28
367.92,2237.94
368.027,2213.94
368.133,2207.53
368.24,2192.53
368.346,2213.28
368.453,2196.44
368.56,2180.78
368.666,2165.44
368.773,2197.36
368.879,2192.36
368.986,2189.03
369.092,2184.36
369.199,2172.44
369.305,2151.53
369.412,2142.78
369.518,2167.19
369.625,2166.61
369.731,2131.44
369.838,2104.69
369.944,2123.53
370.051,2098.78
370.157,2095.36
370.264,2110.61
370.37,2136.36
370.477,2131.61
370.583,2115.86
370.689,2118.61
370.796,2118.69
370.902,2178.86
371.009,2239.78
371.115,2208.53
371.221,2118.28
371.328,2063.78
371.434,2049.44
371.54,2031.11
371.647,2002.78
371.753,1991.94
371.859,1994.78
371.966,1980.11
372.072,1996.36
372.178,1988.78
372.285,1973.69
372.391,1975.69
372.497,1963.61
372.604,1933.78
372.71,1923.28
372.816,1933.03
372.922,1926.19
373.029,1907.61
373.135,1899.94
373.241,1903.03
373.347,1915.44
373.454,1893.86
373.56,1910.44
373.666,1906.53
373.772,1917.94
373.878,1929.03
373.984,1944.61
374.091,1943.94
374.197,1975.61
374.303,1980.86
374.409,2006.61
374.515,2011.94
374.621,2033.61
374.728,2053.19
374.834,2088.03
374.94,2110.53
375.046,2126.69
375.152,2165.61
375.258,2199.03
375.364,2337.61
375.47,2561.78
375.576,2573.19
375.682,2297.28
375.788,2092.78
375.894,2006.03
376,1924.19
376.106,1884.19
376.212,1850.94
376.318,1812.36
376.424,1812.94
376.53,1811.78
376.636,1816.11
376.742,1813.61
376.848,1811.28
376.954,1833.19
377.06,1824.78
377.166,1805.53
377.272,1822.78
377.378,1816.03
377.484,1834.44
377.59,1829.86
377.696,1829.19
377.802,1855.94
377.907,1871.78
378.013,1886.44
378.119,1859.03
378.225,1856.11
378.331,1855.03
378.437,1893.11
378.543,1908.19
378.648,1869.94
378.754,1886.44
378.86,1910.19
378.966,1953.44
379.072,1955.28
379.177,1975.69
379.283,2025.44
379.389,2097.53
379.495,2157.11
379.601,2204.28
379.706,2209.36
379.812,2184.78
379.918,2172.53
380.024,2172.19
380.129,2171.11
380.235,2230.03
380.341,2507.53
380.446,2876.19
380.552,2785.86
380.658,2339.61
380.763,2051.94
380.869,1959.61
380.975,1884.78
381.08,1819.11
381.186,1761.44
381.292,1727.94
381.397,1730.28
381.503,1702.44
381.609,1696.69
381.714,1679.36
381.82,1678.86
381.925,1701.53
382.031,1675.03
382.136,1663.28
382.242,1660.86
382.348,1720.61
382.453,1728.36
382.559,1718.86
382.664,1713.78
382.77,1736.44
382.875,1763.11
382.981,1779.53
383.086,1732.19
383.192,1698.61
383.297,1664.36
383.403,1666.61
383.508,1654.78
383.614,1661.28
383.719,1656.86
383.825,1651.69
383.93,1625.36
384.035,1629.86
384.141,1627.28
384.246,1633.11
384.352,1644.36
384.457,1654.28
384.562,1635.36
384.668,1620.61
384.773,1610.11
384.879,1617.11
384.984,1644.69
385.089,1645.69
385.195,1654.28
385.3,1619.19
385.405,1580.86
385.511,1584.78
385.616,1589.28
385.721,1600.69
385.827,1588.28
385.932,1588.69
386.037,1591.44
386.142,1594.69
386.248,1594.19
386.353,1599.28
386.458,1600.36
386.563,1584.94
386.669,1570.19
386.774,1580.86
386.879,1605.03
386.984,1614.44
387.089,1582.36
387.195,1597.11
387.3,1623.78
387.405,1643.44
387.51,1611.36
387.615,1621.69
387.721,1647.69
387.826,1666.44
387.931,1666.28
388.036,1623.44
388.141,1603.78
388.246,1622.69
388.351,1630.11
388.456,1620.86
388.562,1626.11
388.667,1630.94
388.772,1644.94
388.877,1668.78
388.982,1680.78
389.087,1656.28
389.192,1616.86
389.297,1604.53
389.402,1572.36
389.507,1558.69
389.612,1526.19
389.717,1498.78
389.822,1478.86
389.927,1481.11
390.032,1495.11
390.137,1503.61
390.242,1504.28
390.347,1518.44
390.452,1504.69
390.557,1484.61
390.662,1477.86
390.767,1493.36
390.872,1515.94
390.976,1493.44
391.081,1479.69
391.186,1480.19
391.291,1506.11
391.396,1567.28
391.501,1574.03
391.606,1507.36
391.711,1478.69
391.816,1454.19
391.92,1493.36
392.025,1529.94
392.13,1515.86
392.235,1489.28
392.34,1515.69
392.444,1552.36
392.549,1554.61
392.654,1534.78
392.759,1557.86
392.864,1568.94
392.968,1602.94
393.073,1639.86
393.178,1663.53
393.283,1669.44
393.387,1683.69
393.492,1629.94
393.597,1575.78
393.701,1547.53
393.806,1532.44
393.911,1552.44
394.016,1561.28
394.12,1574.44
394.225,1628.69
394.33,1603.69
394.434,1545.03
394.539,1497.44
394.644,1498.19
394.748,1488.44
394.853,1525.94
394.957,1520.44
395.062,1490.53
395.167,1468.11
395.271,1456.86
395.376,1418.19
395.48,1405.36
395.585,1414.78
395.689,1427.03
395.794,1384.69
395.899,1372.19
396.003,1383.53
396.108,1392.28
396.212,1384.94
396.317,1389.44
396.421,1395.78
396.526,1404.61
396.63,1393.94
396.735,1387.36
396.839,1388.86
396.944,1439.19
397.048,1448.86
397.152,1415.36
397.257,1380.36
397.361,1366.86
397.466,1383.03
397.57,1418.03
397.675,1433.69
397.779,1437.36
397.883,1479.11
397.988,1508.94
398.092,1490.61
398.197,1446.61
398.301,1459.86
398.405,1490.44
398.51,1499.94
398.614,1571.94
398.718,1626.53
398.823,1626.44
398.927,1611.78
399.031,1574.03
399.136,1545.53
399.24,1521.11
399.344,1528.36
399.448,1534.61
399.553,1558.94
399.657,1638.28
399.761,1702.69
399.865,1702.94
399.97,1576.94
400.074,1486.69
400.178,1446.86
400.282,1384.44
400.387,1339.03
400.491,1310.19
400.595,1295.69
400.699,1283.11
400.803,1281.44
400.907,1294.28
401.012,1311.69
401.116,1303.19
401.22,1289.94
401.324,1298.53
401.428,1309.53
401.532,1301.69
401.636,1275.78
401.741,1263.36
401.845,1246.19
401.949,1237.44
402.053,1223.36
402.157,1215.03
402.261,1242.11
402.365,1254.94
402.469,1254.69
402.573,1232.28
402.677,1225.94
402.781,1227.44
402.885,1213.69
402.989,1233.28
403.093,1247.19
403.197,1243.78
403.301,1236.19
403.405,1216.03
403.509,1210.36
403.613,1203.11
403.717,1228.94
403.821,1254.19
403.925,1249.61
404.029,1233.53
404.133,1246.44
404.237,1257.28
404.341,1246.69
404.445,1245.03
404.548,1246.36
404.652,1264.44
404.756,1297.69
404.86,1331.44
404.964,1299.86
405.068,1303.11
405.172,1314.28
405.275,1326.61
405.379,1350.69
405.483,1378.28
405.587,1398.11
405.691,1410.94
405.795,1489.78
405.898,1563.36
406.002,1527.78
406.106,1422.86
406.21,1323.28
406.313,1282.61
406.417,1248.78
406.521,1196.94
406.625,1170.36
406.728,1144.19
406.832,1131.94
406.936,1125.86
407.04,1134.44
407.143,1124.28
407.247,1093.78
407.351,1080.28
407.454,1100.03
407.558,1085.86
407.662,1067.19
407.765,1066.94
407.869,1047.36
407.972,1063.19
408.076,1055.94
408.18,1065.19
408.283,1074.69
408.387,1085.53
408.491,1078.11
408.594,1076.78
408.698,1108.61
408.801,1116.94
408.905,1127.28
409.008,1110.53
409.112,1089.36
409.216,1080.19
409.319,1060.69
409.423,1078.11
409.526,1080.78
409.63,1069.94
409.733,1053.19
409.837,1043.53
409.94,1032.86
410.044,1046.69
410.147,1078.03
410.25,1084.86
410.354,1063.53
410.457,1038.78
410.561,1046.11
410.664,1046.53
410.768,1019.53
410.871,1004.53
410.974,989.36
411.078,1010.78
411.181,1000.44
411.285,994.78
411.388,1012.36
411.491,1027.53
411.595,1029.69
411.698,1009.11
411.801,1008.61
411.905,1002.69
412.008,984.53
412.111,994.78
412.215,1006.36
412.318,1023.69
412.421,1013.36
412.525,1013.36
412.628,1032.44
412.731,1071.61
412.834,1091.61
412.938,1061.36
413.041,1053.03
413.144,1058.61
413.247,1062.03
413.351,1054.03
413.454,1050.11
413.557,1060.28
413.66,1058.11
413.764,1062.86
413.867,1059.03
413.97,1053.94
414.073,1031.61
414.176,1025.61
414.279,1006.11
414.383,991.86
414.486,970.86
414.589,967.94
414.692,967.94
414.795,969.53
414.898,974.03
415.001,965.03
415.104,967.44
415.207,953.61
415.311,963.03
415.414,946.94
415.517,963.69
415.62,956.86
415.723,967.44
415.826,966.03
415.929,950.61
416.032,931.94
416.135,915.69
416.238,902.53
416.341,926.44
416.444,932.69
416.547,947.11
416.65,926.19
416.753,931.03
416.856,922.36
416.959,920.53
417.062,913.11
417.165,899.11
417.268,907.28
417.37,901.36
417.473,896.03
417.576,888.36
417.679,901.53
417.782,921.78
417.885,910.94
417.988,892.53
418.091,880.69
418.194,874.86
418.296,881.86
418.399,905.44
418.502,879.53
418.605,877.03
418.708,886.86
418.811,891.28
418.913,884.94
419.016,878.03
419.119,879.86
419.222,871.03
419.324,855.11
419.427,880.36
419.53,902.28
419.633,905.53
419.735,896.03
419.838,881.86
419.941,876.61
420.044,912.61
420.146,912.69
420.249,885.44
420.352,848.61
420.454,826.19
420.557,836.19
420.66,861.28
420.762,910.28
420.865,884.61
420.968,848.11
421.07,837.36
421.173,852.86
421.276,858.28
421.378,840.44
421.481,868.53
421.583,898.78
421.686,903.11
421.789,901.36
421.891,914.94
421.994,917.44
422.096,885.36
422.199,877.53
422.301,883.28
422.404,896.94
422.507,879.86
422.609,846.11
422.712,818.36
422.814,830.61
422.917,826.28
423.019,833.86
423.122,804.36
423.224,790.36
423.326,806.36
423.429,830.11
423.531,807.78
423.634,837.11
423.736,855.44
423.839,841.53
423.941,801.69
424.044,776.69
424.146,781.11
424.248,752.36
424.351,757.94
424.453,750.28
424.555,728.78
424.658,725.44
424.76,699.69
424.863,699.61
424.965,702.78
425.067,718.11
425.17,712.19
425.272,720.11
425.374,693.19
425.476,682.94
425.579,686.03
425.681,680.94
425.783,680.03
425.886,653.44
425.988,601.86
426.09,303.44
